1 19.22 4 50.41 2.625 625 0.579 1.36 0 0 524 88 5.5 0.55 335 418 25 8 0.8 30 0.5
2 35 3 68 3.5 125 0.694 2.7 0 0 597.24 93 8.5 0.9 350 315.6 42 7.466 0.575 32.1 1.25
3 24 3.5 59 3.5 150 0.625 1.5 0 0 562 112 8 0.8 335 500 40 9.5 0.7 32 1.25
4 20.542 3.15 49.954 3.3 525 0.651 3.22 0 0 534 94 5.5 0.6 335 333 19 8 0.8 30 0.5
5 35 3.5 66 3 175 0.645 3.5 0 0 570 92 8 0.7 345 273.8 35 7.256 0.45 32.1 1.25
6 36 4.25 63 4 350 0.625 3.75 0 0 585 88 7.5 0.7 330 340 45 7.25 0.8 32.1 1.25
7 21.88 3.5 54.88 3.5 525 0.625 1.4 0 0 528 92 7.5 0.55 340 334 50 6 0.8 30 0.5
8 23 3.3 55 3 450 0.658 2 0 0 537 96 7 0.6 330 2 0 0 0 30 0.5
9 30 3.5 48.36 2.625 480 0.625 2.11 0 0 524.4 80 5.5 0.6 335 500 28 8 0.8 30 0.5
10 26 3 50 2.5 175 0.625 1.5 0 0 600 85 5 0.5 335 330 50 8 0.8 34 0.5
11 33 3 66 3 125 0.679 2 0 0 598.56 92 7.5 0.65 355 250.56 42 7.256 0.45 32.1 1.25
12 44 3.5 61.1116 3.62 125 0.625 2.125 0 0 573.36 106 8.5 0.85 330 350 40 8.5 0.8 32.1 1.25
13 21.552 3 55.04 3 550 0.625 2.112 0 0 570.48 98 8 0.8 340 300 50 8 0.8 34 0.5
14 32 3 68 4 175 0.679 1.3 0 0 545 73 7.5 0.8 345 330 42 8 0.6 32.1 1.25
15 26 3.25 61 3 500 0.625 1.6 0 0 532 88 3.25 0.55 335 284 50 8 0.9 30 0.5
16 32 3.8 50.04 3 550 0.625 2.14 0 0 529.04 78 2.5 0.5 325 350.8 60 11.5 0.4 30 0.5
17 24.3 3.75 54 3 500 0.69 3.38 0 0 528 90 5.5 0.65 330 334 20 9.6 0.45 30 0.5
18 26 3 61 3.3 525 0.656 1.5 0 0 559 88 3.75 0.65 325 250 32 7.2 0.45 30 0.5
19 33 3.2 65 3 125 0.638 2.3 0 0 550 85 4 0.75 335 280 35 7.466 0.575 32.1 1.25
20 32 3 61 3 125 0.625 2.25 0 0 570 82 5 0.8 345 280 42 7 0.5 32.1 1.25
21 28 3 50 2.7 550 0.656 3 0 0 541 91 3.75 0.65 325 325.84 35 8.042 0.65 30 0.5
22 26 3.4 61 2.96 600 0.658 3.33 0 0 539 85 3.5 0.55 325 280 32 6.972 0.4 30 0.5
23 33 3.1 69 3.7 125 0.67 2.9 0 0 625.64 98 8.5 0.9 345 100 0 0 0 32.1 1.25
24 36 3 68 3.375 125 0.638 3.4 0 0 592.8 85 8.5 0.55 350 338.8 32 7.576 0.7 32.1 1.25
25 25 3.8 56 3.5 450 0.625 1.53 0 0 560 90 5.5 0.4 330 340 60 11 0.4 30 0.5
26 24 3.8 51.64 3 550 0.625 2.13 0 0 504 82 5.5 0.5 335 452 30 11.335 0.8 30 0.5
27 37 3.5 63 3.375 125 0.613 1.9 0 0 610 85 9.5 0.55 345 330 45 7.5 0.55 32.1 1.25
28 37 3.5 61 3 125 0.667 2.1 0 0 572 84 8.5 0.75 335 315.6 42 8.108 0.6 32.1 1.25
29 27 3 59 3.11 550 0.679 3.38 0 0 582 84 3.75 0.6 330 287.2 40 7.256 0.45 30 0.5
30 20.88 3.5 45.66 3.25 450 0.625 2.11 0 0 528 87 6.5 0.55 335 467 30.5 8 0.8 30 0.5
31 38 3.5 69 4.2 125 0.625 1.44 0 0 574.4 80 9 0.85 345 272.2 40 7.206 0.45 32.1 1.25
32 33 3.8 53.38 3.8 125 0.736 2.18 0 0 613.12 84 9 0.85 335 287.2 40 7.382 0.525 32.1 1.25
33 36 4.3 55.88 3.5 125 0.625 2.215 0 0 564.48 86 8 0.55 335 310.44 33 7.84 0.5 32.1 1.25
34 21.22 4 51.376 3.2 600 0.625 1.68 0 0 480 82 5.5 0.55 325 495 25 8 0.8 30 0.5
35 30 3.5 63 3 125 0.694 3 0 0 587 89 8.5 0.55 350 297.2 40 7.156 0.45 32.1 1.25
36 36 3.5 61.27 3.5 125 0.721 2.8 0 0 582.52 89 8 0.75 345 0 0 0 0 32.1 1.25
37 28 3.3 49 3 550 0.644 2.3 0 0 482.36 77 5.5 0.55 325 340.6 45 11.5 0.4 30 0.5
38 19 2.8 58.852 3.9 150 0.64 3.7 0 0 576 90 6 0.5 340 397.6 67 6 0.8 30 0.5
39 36 3 63 4 200 0.656 2.5 0 0 580 95 8.5 0.85 335 350 30 8 0.8 32 1.25
40 28 3.8 46 1.5 550 0.625 2.95 0 0 500 70 5.5 0.55 315 350 64 11.5 0.4 30 0.5
41 35 3 64 3 125 0.658 3.2 0 0 540 82 6 0.6 345 282 40 7.5 0.7 32.1 1.25
42 28 3.5 55 2.5 550 0.638 2.3 0 0 518 87 5.5 0.55 325 350.16 34 7.424 0.55 30 0.5
43 26 3.8 53.544 3.3 525 0.625 2.3 0 0 534 95 5.5 0.55 335 374 50 11.5 0.5 30 0.5
44 40 3.4 55 3.5 150 0.625 2 0 0 575 90 6 0.5 340 300 60 8.5 0.8 32.1 1.25
45 22.55 3.75 50.71 2.625 550 0.625 2.24 0 0 505 94 6.5 0.6 340 490 26 8 0.8 30 0.5
48 37 2.7 68 3 175 0.67 2.9 0 0 616.28 96 6 0.75 350 281.6 45 7.508 0.6 32.1 1.25
50 22.72 4 58 2.7 525 0.625 2.11 0 0 525 85 7 0.65 335 468 28.5 8 0.8 30 0.5
51 28 3.5 62 2.88 650 0.625 4 0 0 481 91 3.5 0.55 325 313.7 35 7.4 0.55 30 0.5
53 40 3.5 61.54 3.5 125 0.625 1.13 0 0 582.6 95 8.5 0.75 325 267.2 40 8.5 0.8 32.1 1.25
54 37 3.75 61.97 4 125 0.736 3.4 0 0 574.2 90 7 0.55 335 282.2 40 7.324 0.55 32.1 1.25
55 27.88 3.5 58 3.2 125 0.658 2.74 0 0 602 94 7.5 0.7 340 0 0 0 0 32.1 1.25
56 38 3.5 62 3.1 125 0.721 2.7 0 0 585 85 8.5 0.75 345 275 35 7 0.45 32.1 1.25
57 39 4 63.54 3.3 125 0.8 2.125 0 0 565 95 5 0.75 335 377.28 43 7.2 0.6 32.1 1.25
58 35 4 69 3.75 125 0.665 2.75 0 0 575 87 8 0.75 345 100 0 0 0 32.1 1.25
59 34 3.6 64 3.4 175 0.658 2.5 0 0 570 90 8 0.7 340 300 40 6.5 0.45 32.1 1.25
60 27 3.35 55 3 550 0.625 1.75 0 0 534 93 5.5 0.6 330 324 50 6 0.8 30 0.5
61 17.04 3 40.368 2.6 525 0.658 3.5 0 0 530 91 7 0.55 325 418 25 8 0.8 26 0.5
62 34 3.5 68 4 175 0.711 3 0 0 577.8 85 6 0.65 345 265.84 38 8.042 0.65 32.1 1.25
63 21.88 3.5 57.04 3 550 0.625 1.36 0 0 519.68 88 5.5 0.55 340 469 21 10.665 0.6 30 0.5
64 33 3.7 70 3.2 125 0.651 3 0 0 575 85 7.5 0.7 345 200 0 50 0 32.1 1.25
67 23 3.4 60 2.36 550 0.658 3.3 0 0 515 89 3.5 0.55 330 231.8 35 6.972 0.4 30 0.5
68 30.88 3.5 61.036 3.2 125 0.644 1.85 0 0 589 85 8 0.6 345 100 0 0 0 32.1 1.25
69 20 3.5 53 3 550 0.647 1.5 0 0 575 90 5.5 0.5 328 350 40 8 0.8 30 0.5
72 38 3.8 65 4.5 125 0.625 2.1 0 0 601.28 90 9 0.85 335 320 40 7.206 0.45 32.1 1.25
74 19.04 3 55.536 2.7 550 0.625 1.36 0 0 488 87 7 0.55 340 385 20 8 0.8 30 0.5
75 34 3.5 67 3.5 125 0.638 3.48 0 0 561.2 90 9 0.9 350 325.6 42 7.44 0.5 32.1 1.25
76 28 3.5 61 3.5 525 0.638 3.22 0 0 545 85 6 0.6 335 295.6 45 6 0.8 30 0.5
77 34 4 66 5 125 0.658 2.67 0 0 593.32 99 6 0.75 345 270.4 30 7.506 0.45 32.1 1.25
78 38 3.5 64 4 125 0.625 2.5 0 0 540 90 8 0.8 345 280 40 7 0.7 32 1.25
79 35 3.6 64 3.5 125 0.675 2.05 0 0 600 95 5.5 0.5 330 400 47 6 0.8 32.1 1.25
80 40 3.75 64 3.3 175 0.644 2.95 0 0 580 95 10 0.65 355 317.12 31 7.356 0.45 28 1.25
81 22 3.5 60 2.5 550 0.625 1.5 0 0 491 86 4 0.55 325 360.6 42 8.092 0.65 30 0.5
82 37 3 61 4 175 0.625 1 0 0 575 90 5 0.75 335 100 0 0 0 32 1.25
83 39 4 62 5 175 0.625 2 0 0 580 100 8 0.8 340 300 40 7.5 0.75 32 1.25
84 23 3.5 62.4 3.3 125 0.625 3.2 0 0 575 95 8 0.5 345 200 0 50 0 37 1.25
85 29 3.75 48 3.75 550 0.625 3.4 0 0 541 84 5.5 0.65 335 200 0 50 0 30 0.5
86 36 3 66 4.5 175 0.625 3.65 0 0 620 84 8 0.5 340 0 0 0 0 32.1 1.25
89 47 3.6 60.04 3 125 0.625 2.9 0 0 576.16 87 8.5 0.85 335 302.2 40 6 0.8 32.1 1.25
90 18 3.5 55 3 500 0.625 1.5 0 0 537 87 6 0.6 335 375 27.5 8 0.8 30 0.5
91 30 3.5 68 3.1 125 0.625 2.9 0 0 588 95 8.5 0.75 335 377.2 37 7.6 0.8 39 1.25
92 33 3.2 64 3 125 0.625 3.5 0 0 558.48 86 7 0.5 340 0 0 0 0 32.1 1.25
96 24 3.5 61 3.11 500 0.665 2.65 0 0 534 88 3.75 0.55 330 322.2 40 8.676 0.7 30 0.5
98 34 3 60 3 125 0.751 3 0 0 540 85 8.5 0.75 340 400 0 50 0 32.1 1.25
99 18.72 4 53.54 3.3 550 0.669 1 0 0 490 85 5.5 0.55 330 480 23.5 8 0.8 30 0.5
101 21.88 3.5 54.7 3 525 0.625 1.36 0 0 526 92 5.5 0.55 340 459 22 8 0.8 30 0.5
102 38 3.35 66 3.4 125 0.658 2.5 0 0 595 95 8.5 0.8 350 100 0 0 0 32.1 1.25
103 20.88 3.5 53.04 3 550 0.668 2 0 0 526 92 6.5 0.6 330 418 25 8 0.8 30 0.5
104 33 3.4 68 3 425 0.475 2.6 0 0 555 92 8 0.7 340 325 40 8 0.7 30 1
105 22.412 3.4 58.04 3 175 0.658 3.1 0 0 570 98 8 0.7 335 317.2 37 6 0.8 32.1 1.25
106 35 3.5 68 3.3 125 0.658 2.67 0 0 584.48 86 8 0.65 345 270.4 30 8.092 0.65 32.1 1.25
107 34 3 68 3 125 0.667 3 0 0 585 90 7 0.5 345 4 0 0 0 32.1 1.25
110 27 3.4 61 3.11 575 0.658 3 0 0 500 89 3.5 0.55 330 360 33 8 0.8 30 0.5
111 39 3.75 61 3.3 175 0.706 1 0 0 576.48 86 8.5 0.55 325 400 47 8.626 0.5 32.1 1.25
112 22.72 4 52.04 3 525 0.658 2.11 0 0 528.04 90 8 0.65 335 405 25 8 0.8 30 0.5
113 34 4.25 64 4 150 0.625 3 0 0 560 95 8.5 0.85 340 400 40 7 0.7 32.1 1.25
114 33 3.5 68 3.3 150 0.69 3.2 0 0 550 85 8.5 0.55 345 300 40 8 0.7 32.1 1.25
115 21.544 3.3 54.208 3.1 550 0.656 2 0 0 536 92 6.5 0.6 325 480 23.5 8 0.8 30 0.5
117 28.22 3.7 46.368 2.6 550 0.625 2.25 0 0 525 74 6 0.6 330 350 55 11 0.6 30 0.5
119 29 3.3 60 3.61 550 0.679 2.7 0 0 574 88 3.75 0.7 330 360.56 39 8.042 0.65 30 0.5
120 36 4 66 3.2 175 0.67 2.5 0 0 580 90 7 0.75 345 277.2 40 6.5 0.6 32.1 1.25
121 36 3 63 3.1 125 0.668 2.7 0 0 572.8 85 7.5 0.75 350 327.2 40 7.59 0.5 32.1 1.25
122 39 4 64 5 175 0.625 1 0 0 582.24 100 10 0.95 340 263 37.5 6.6 0.35 32.1 1.25
126 27 3.5 54 4.25 125 0.658 3 0 0 560 90 6 0.6 335 357.2 37 6 0.8 30 0.5
127 22 3.7 53 2.7 550 0.656 1.36 0 0 550 90 7 0.55 325 475 30 8 0.4 30 0.5
131 31 3.6 53.04 3 150 0.625 2.25 0 0 594 95 7.5 0.85 345 372 20 8 0.8 32.1 1.25
133 28 3.5 59 2.4 525 0.668 3.1 0 0 532.8 85 5.5 0.55 335 268.8 35 6.972 0.4 30 0.5
134 24.712 3.4 53.872 2.9 550 0.625 2 0 0 523 90 6.5 0.6 330 480 40 8 0.8 30 0.5
136 19 3.6 57 3.2 550 0.625 1.36 0 0 575 92 7 0.6 325 350 50 6 0.8 30 0.5
141 38 3.3 68 3.3 175 0.669 2.7 0 0 585 85 8 0.75 340 410 50 11.5 0.95 32.1 1.25
142 20.8 3.5 58 3.3 550 0.625 2.5 0 0 560 92 6.5 0.6 340 425 25 8 0.65 30 0.5
143 29 3 53.376 3.2 575 0.625 2.11 0 0 504 79 5.5 0.5 340 418 25 13 0.4 30 0.5
145 28 3 59 1.7 525 0.644 1.8 0 0 571 86 3.5 0.55 335 344.88 38 8.2 0.45 30 0.5
150 32 2.5 59 3 175 0.625 6 0 0 510 65 4.5 1.75 325 100 0 0 0 30 0.5
154 33 3.5 60 3.4 175 0.736 1.6 0 0 615 95 8 0.5 340 0 0 0 0 32 1.25
157 30 3.4 60 3.2 175 0.697 2.5 0 0 523 87 6.5 0.9 345 100 0 0 0 30 1.25
161 21.88 3.5 54.9379 3.1416 525 0.625 1.36 0 0 520 88 5.5 0.55 340 469 21 8 0.8 30 0.5
163 20 3.5 58 3.3 525 0.625 1.36 0 0 532 90 7 0.7 335 425 30 9.335 0.85 30 0.5
164 35 3.8 68 3.5 125 0.644 2.5 0 0 575.6 85 8.5 0.8 340 338.8 32 8.15 0.75 32.1 1.25
201 47 4 55.376 3.2 125 0.644 3.5 0 0 540 87 8 1 335 310.6 45 6 0.8 32.1 1.25
202 24 3.5 59 4.7 550 0.625 0 0 0 556 91 3.75 0.55 330 300 50 6 0.8 30 0.5
203 29 3.5 65 2.26 500 0.625 3.5 0 0 540 85 7 0.55 325 300 35 6.972 0.4 30 0.5
222 28 3.5 57 3.4 525 0.625 1 0 0 581 84 3.75 0.5 325 245 45 6.7 1 30 0.5
223 47 3.5 56 3.2 175 0.658 2.5 0 0 600 100 6.5 0.55 335 325 40 8 1 32.1 1.25
236 28 3 64 2.75 500 0.638 3.3 0 0 571 86 3.75 0.65 335 348.88 38 8.176 0.7 30 0.5
238 32 3.5 63 3.4 125 0.651 3.3 0 0 584 85 7 0.65 345 200 0 50 0 32.1 1.25
240 35 4 65 3.5 125 0.625 3.5 0 0 340 70 6 0.75 345 100 0 0 0 32.1 1.25
245 32 3 58 3 125 0.688 3.3 0 0 585 85 9 0.9 340 280 50 7 0.8 32 1.25
246 28 3.5 64 3.1 150 0.625 2.1 0 0 590 90 8.5 0.65 335 320 50 8 0.7 32.1 1.25
254 30 4 63 3.5 125 0.644 2 0 0 585 85 10 1 340 295 45 8 0.65 32.1 1.25
266 38 3.25 60 5 175 0.651 2.5 0 0 580 90 3 1 345 0 0 0 0 32.1 1.25
267 29 4 51.208 3.1 550 0.644 2.61 0 0 489.32 74 5.5 0.55 335 377.24 43 11.5 0.4 30 0.5
268 19.04 3 52 2.8 525 0.625 3 0 0 552 92 7 0.75 335 438 21 8 0.8 30 0.5
350 25 3 55 3.1 500 0.625 1 0 0 480 70 7 0.55 330 400 45 10 0.4 25 0.3
412 28 0 56 2.2 450 0.625 3.5 0 0 560.52 93 7 0.55 335 273.92 44 6 0.8 30 0.5
420 35 3.8 68 5 125 0.571 2.5 0 0 585.6 95 9.5 0.8 340 300 40 7.5 0.75 32.1 1.25
421 36 3.75 64 3 175 0.667 2 0 0 570 85 7.5 0.65 335 100 0 0 0 32.1 1.25
427 27 3.5 50 3 475 0.644 3.4 0 0 585 95 7 0.85 330 450 60 6 0.75 32.1 1.25
429 23 3.5 69 4 525 0.694 4 0 0 534 89 3.75 0.55 325 250 45 6.3 0.4 30 0.5
432 34 4 52 3 500 0.625 2 0 0 575 89 5.5 0.55 330 350 50 6 0.45 30 0.5
497 32 3.9 62 3.5 300 0.635 3 0 0 540 85 5 0.5 335 315 50 8.75 0.5 32.1 1.25
498 25 3 60 2.9 525 0.625 3.3 0 0 561 86 3.25 0.75 325 340 40 8.25 0.75 30 0.5
516 36 4 69 3.5 175 0.625 2 0 0 590 95 9 0.9 335 340.6 45 8.01 0.6 32.1 1.25
517 32 3 61 3 175 0.645 3.5 0 0 585 95 7 1 340 280 50 7 0.8 36.1 1.25
518 21 4 48 2.5 550 0.625 3 0 0 540 90 7.5 0.75 340 450 30 7 0.7 30 0.5
555 45 5 62 2 150 0.667 2.5 0 0 600 100 7 0.5 330 415 50 8 1 32 1.5
