1708752897
1732829185
1773592581
1758961672
1768529932
1756495885
1760296974
1774518289
1758257172
1746673686
1728888855
1720508440
1770758171
1722023965
1750671391
1756004388
1755504678
1738121260
1742626860
1722130477
1726636083
1634844726
1725800507
1746583612
1717108797
1727717438
1746026558
1772953661
1771331649
1766260804
1734934598
1771356244
1767587926
1652146269
1734959199
1757888616
1776033898
1752113265
1716650098
1535320182
1758486647
1725145206
1763278970
1771528315
1754480767
1773158528
1725980800
1760174209
1647313033
1706303625
1750638731
1761435792
1769439380
1714823316
1726668954
1761681564
1750368413
1753677986
1717207204
1760469158
1758625958
1771159720
1759748266
1759191218
1761861813
1614168251
1720467648
1748771011
1704427719
1743847625
1746821322
1709777099
1751646412
1751433425
1767506130
1709842643
1755439316
1731428566
1735057623
1746575577
1720574170
1713176796
1722892509
1775739103
1752801504
1744675041
1733509350
1763336424
1749459178
1756545261
1775378672
1743986928
1716420851
1747550453
1689239798
1763885316
1763721478
1749385478
1754792206
1774829841
1757921556
1772175636
1751105814
1713832220
1755955486
1775755550
1746395424
1717092641
1729421602
1758421282
1727553828
1766424870
1767104807
1753932072
1761583403
1736974639
1536901424
1732223281
1736728885
1767489848
1722040632
1739366716
1373905214
1713373504
1461567815
1728774475
1766842701
1751515473
1758986578
1721950545
1750360412
1749336413
1632297310
1774027102
1763746143
1461551458
1654595940
1697522021
1517928806
1752441194
1766039923
1774772599
1768145273
1766531453
1752072574
1774215550
1764245888
1655947649
1770307965
1725366661
1686634887
1731494282
1759314315
1720426892
1746633101
1731600783
1742234002
1746518419
1769431445
1772568983
1763705240
1727676825
1768210842
1767506334
1649156520
1769349545
1770725800
1760510379
1752514992
1766982064
1758429617
1719615926
1613627833
1745478077
1628258754
1743602115
1747517890
1721147842
1738383815
1721229769
1755005386
1760870864
1735221713
1756389843
1720566229
1570734550
1771151830
1758323157
1759232478
1511465439
1725743589
1758724593
1761231353
1760788988
1631412733
1709793791
1749606911
1752662529
1749312004
1761804805
1721147910
1737351687
1752687112
1750409734
1766531599
1758265872
1649222161
1766785554
1775829524
1753621012
1761493527
1749385764
1769857575
1523049000
1773232682
1706418732
1731813933
1732780590
1747354156
1756054064
1767588396
1773863478
1728160311
1710858812
1722704445
1720566336
1770635842
1722450501
1770791497
1711522382
1769636430
1751065176
1727619673
1765573208
1756119643
1768964702
1773535839
1767367264
1702928995
1743594083
1773445731
1751589476
1710801511
1714791016
1759437414
1771004517
1743413872
1718436466
1771364979
1643725430
1751401081
1755660921
1763263101
1772946047
1750647429
1758282373
1744700041
1775223444
1768006295
1715094172
1710834332
1746649758
1767744161
1769276065
1727840936
1761747629
1761485486
1742684847
1738162864
1756783283
1720615606
1751351992
1751229113
1774969529
1770840763
1756324543
1755079360
1773249219
1752253130
1759158987
1774752471
1743471309
1724990157
1757422285
1750155992
1773560538
1763123932
1762386652
1755693793
1770341096
1759199976
1712571113
1761600237
1706402541
1760264945
1770087155
1756955388
1747264253
1766720256
1725203204
1765671685
1722262281
1727177483
1758806796
1751720716
1703822094
1762542350
1762542352
1512112913
1718346516
1763566365
1373258526
1742742303
1761526560
1654547240
1752433450
1763140398
1734099759
1753301811
1764926260
1764344631
1722024759
1753162553
1748460347
1757807422
1751089983
1767424832
1703740230
1466131271
1703486282
1716642636
1738810188
1767490383
1752441682
1764574034
1759617875
1761182550
1762493278
1752220513
1748747106
1764074339
1756414820
1769202533
1765598051
1760830311
1756668775
1705173859
1767383918
1769456494
1772168047
1745838962
1706640245
1771340661
1751458677
1708417912
1756414837
1745929082
1760813942
1726530427
1725629309
1765761918
1749910401
1755702147
1702306692
1747239817
1743471499
1734927245
1690125198
1754694545
1764262803
1721901973
1755644822
1748116375
1725735840
1745757094
1729905581
1765819310
1769563055
1753924530
1725244339
1760060342
1759749051
1373930428
1711211458
1743438787
1730446274
1717814213
1757144006
1761567683
1407304655
1725154258
1750336469
1749369813
1527956439
1772585947
1718461404
1762968541
1702970342
1741423592
1745445869
1760633841
1754407923
1751778296
1740129278
1753818112
1726317569
1736655875
1696031749
1758036998
1740915718
1756578823
1752663051
1770177553
1732289557
1727464471
1713857564
1732051997
1756791837
1752605733
1702339622
1732314151
1758725159
1747928102
1770873900
1755718704
1616741432
1736418361
1722303547
1718445115
1745871931
1730298943
1766081601
1711809611
1765614669
1726325842
1750557779
1768186965
1751434330
1759175774
1713153119
1733788768
1763525739
1769358445
1634321519
1712514159
1734321265
1765901427
1756759158
1664377975
1642480760
1725940857
1770693754
1759347831
1756071038
1755571327
1766974593
1756644481
1768146051
1770759299
1769604225
1766335623
1761625224
1761535112
1741579402
1708713103
1757185168
1746314385
1754104981
1722696858
1754834078
1749812382
1723237536
1717830816
1762927784
1764926633
1634370732
1730585776
1706460340
1643791546
1775084730
1756480701
1732355267
1775387846
1751622855
1775305929
1725850825
1756808393
1745274060
1696801998
1752548565
1729004757
1724548311
1744766168
1729160411
1743520989
1759798493
1705886947
1757660388
1768277221
1748264166
1755899111
1771963625
1765557483
1734280432
1755555057
1612604658
1721001202
1762936049
1723655414
1766614269
1634346238
1773176062
1767195904
1707902212
1753588996
1694950663
1702913290
1726588171
1767228682
1746683155
1722770710
1722705175
1749607704
1775748377
1765451039
1759364383
1651483937
1758176547
1761797419
1750148396
1705862448
1702888754
1726367035
1734993212
1746584894
1752319296
1742619971
1755161927
1766729032
1766573385
1755637070
1757521233
1755047252
1751147868
1735402844
1768572255
1722287463
1743340904
1640818024
1707115879
1731601771
1756562801
1623278970
1761518971
1745773955
1743537542
1753130379
1729742219
1768777106
1765721492
1765295509
1724933526
1766376854
1756407192
1729168795
1746437534
1720567199
1766311328
1745544613
1704519085
1760060845
1742767537
1747690929
1721034172
1467409853
1726244286
1757660605
1761396158
1752835521
1732216254
1758512590
1763837392
1407313360
1691010515
1775535579
1756849627
1754490334
1735026149
1753482728
1731577321
1725261290
1679033836
1727612407
1733158391
1761535482
1771628027
1729807868
1740891645
1763640829
1729029634
1758389765
1768728070
1751541253
1722189320
1743373835
1731823116
1763182092
1774601744
1756243472
1757324818
1747641876
1664501270
1705428503
1768375832
1726588444
1759028767
1752892959
1654162981
1721959973
1769457192
1749263917
1759708723
1744004665
1717814847
1730127426
1733772867
1748739650
1761510981
1637320262
1759151686
1734477388
1738999372
1718363726
1743537743
1738778194
1635386963
1753892438
1756538455
1738434136
1766491738
1770407515
1760863838
1736410720
1743390305
1751238248
1628235374
1768138352
1708287603
1757685366
1706591862
1725802103
1775920767
1554499200
1743398530
1714243204
1727178374
1761437318
1536214668
1741457036
1737557645
1760282253
1718027920
1704117906
1761617554
1697801880
1670006427
1372554909
1706157728
1718642340
1697842856
1765811882
1765746346
1765754541
1774143160
1756595899
1757390526
1770751680
1764353729
1748911810
1747322562
1759127234
1756006085
1462068935
1752065735
1743513294
1736541904
1757669078
1753188054
1743496921
1726686938
1749378777
1762092766
1762838244
1686071013
1732421350
1728210666
1751090924
1721976560
1713776373
1742522102
1737180918
1746626294
1750705913
1750640374
1756423934
1697818367
1749583619
1753433861
1768867593
1636452106
1722640138
1774446349
1746413327
1759651601
1708771092
1758127899
1756006179
1717249829
1720649511
1623287592
1536968488
1745938218
1721124651
1750460208
1753122608
1774839602
1774978878
1745995588
1757611848
1758553930
1458448205
1755080526
1746380624
1776101202
1768826714
1617635171
1631586149
1463486321
1773111154
1765779314
1754269556
1730062197
1774217083
1758259068
1703176059
1760814971
1773954944
1760429953
1751771009
1756104577
1751746433
1737041797
1720838022
1750181768
1756743564
1767761805
1769146258
1730103187
1729832858
1747486623
1721198502
1713137575
1614137256
1757079464
1722304425
1722689451
1754433453
1736230831
1753499568
1764403122
1752786869
1769940922
1757898683
1754212283
1770178493
1764239294
1756645319
1741350861
1742604239
1768630226
1774159826
1727629269
1758701528
1745315801
1720444890
1752508379
1686128627
1720567797
1732241398
1760151544
1761273849
1750222842
1460971516
1748772860
1724762110
1703151614
1751517184
1735526401
1760757758
1771825155
1758783492
1751443460
1706813446
1746462728
1735051275
1749862416
1749633041
1631438871
1711187991
1751353369
1751484440
1750812695
1699080220
1726580763
1758308382
1731356701
1714890786
1744013352
1744447529
1636730922
1720592424
1727064108
1653475372
1765148719
1750353972
1753532469
1748412477
1634781247
1745897538
1758906435
1750173763
1762969670
1732143178
1727080527
1740523605
1770694742
1703766103
1773250647
1757980760
1767565402
1761618011
1722345567
1768196191
1753122915
1752459366
1744586860
1746053228
1755981934
1750771820
1767180401
1752926330
1714571387
1702365309
1736992896
1745315979
1765181579
1725524111
1774397585
1753270418
1765730456
1773922458
1725819037
1773914272
1707018403
1730021541
1764305061
1749854375
1773815976
1755670697
1751754921
1725786289
1632323763
1568884916
1570973877
1756334264
1725892793
1759742138
1758677179
1744349371
1772857528
1762265275
1753254080
1373063363
1755654340
1763420358
1725630662
1760970951
1769597131
1750829260
1755048144
1754245329
1763322065
1757825235
1769351381
1761257687
1753319642
1727482079
1768278240
1762306271
1727555811
1771907300
1722149095
1731602667
1749477614
1756580079
1729718518
1725196538
1762437371
1764378879
1461364991
1698564353
1706404097
1730062594
1757292800
1721977094
1747511564
1750173965
1724459283
1717405972
1720985880
1754540315
1769023771
1759807776
1747462433
1765173537
1707247907
1762339108
1748543781
1743554854
1752312102
1757595945
1768966441
1760864556
1749412145
1745938737
1774799157
1744816438
1680255287
1766107447
1760389433
1760389430
1714702653
1752672577
1746446658
1724311874
1722673476
1755015495
1695197517
1746512207
1756432720
1709943128
1769400664
1725860188
1758366044
1747913053
1733740895
1743546720
1771235681
1757038943
1740941667
1770744162
1770531175
1774250344
1537747306
1753885038
1744619887
1745930607
1769318768
1749461365
1772603773
1757710718
1772849536
1740532098
1726310788
1749395846
1728366988
1754483086
1751615889
1757915538
1776019859
1753295251
1758751121
1766492567
1758767516
1769212316
1775790498
1751157155
1761487270
1769253288
1770719660
1753139629
1741449647
1755965873
1755695538
1470228913
1752132024
1734977978
1771891134
1755449793
1751566786
1766853059
1691027909
1771358661
1761741259
1737206221
1617865166
1717979599
1753352654
1750059475
1755769303
1764469207
1728752089
1773079002
1743538651
1769236955
1722149344
1469901281
1759439330
1751796198
1742801384
1749649897
1750665705
1722542572
1731545581
1760414190
1755957743
1741564400
1764510192
1512106483
1623910903
1761208827
1756506621
1757080061
1754434046
1706322433
1687202306
1768630791
1756883467
1773971979
1756457484
1745512974
1696918030
1765132814
1759283729
1720543769
1721453081
1775651357
1758587423
1736550953
1760242217
1767770667
1752181292
1730726444
1768884783
1757923889
1746668082
1726294583
1749609017
1754516029
1664961097
1743964746
1744767563
1735322188
1731906125
1774766672
1746889296
1761503833
1716644445
1730439773
1722714717
1746389600
1763592802
1721125476
1741490788
1766197863
1646733932
1765640812
1763232369
1745578611
1765722740
1767246453
1745668725
1765190264
1613605501
1752410751
1772530309
1749895817
1767844496
1769974424
1768704666
1707051674
1773128347
1752730271
1745291936
1747823263
1757334182
1732209320
1466084010
1767680689
1524771506
1766288053
1727646391
1727711930
1750624954
1760299707
1732020929
1775626945
1761495749
1758489287
1731578579
1769515731
1776167637
1742744278
1728817879
1774840538
1751034588
1640852189
1737312989
1703840479
1764149981
1769917154
1711180518
1760258792
1727236844
1763592942
1766263536
1761725168
1751247603
1725778678
1733487354
1699187451
1713220352
1776151297
1762241282
1727089411
1744399104
1758284550
1736411913
1600555786
1728326411
1536174860
1729456909
1703496462
1729784587
1719126799
1745898260
1761225494
1745111834
1549069082
1721289500
1768622877
1746496287
1758202655
1728203557
1705224999
1721125674
1753271087
1714850615
1725295418
1755614010
1768590143
1770801984
1770154817
1757383490
1755908931
1762626377
1773890382
1729850190
1729170256
1756531534
1702292306
1728637779
1696082774
1764264796
1712556892
1760709470
1743899490
1765821284
1768893286
1723476843
1753959278
1775389554
1757064052
1373875061
1712466807
1721584504
1709812603
1754835840
1721248640
1741466500
1761528710
1720568710
1734962056
1764445066
1748724619
1767721870
1568934799
1771334546
1744538514
1752337305
1775741855
1747594145
1762511778
1724894117
1755515814
1771703206
1756638118
1734257578
1745988522
1768745900
1728457642
1772317616
1752673205
1463503799
1621814200
1773243319
1744407482
1755892670
1749625790
1725877184
1649232836
1709861828
1774824388
1711197127
1754778569
1704913866
1745628108
1752624077
1763470288
1721846737
1768606673
1773120470
1756974038
1767476186
1729989597
1752542175
1762315233
1720544225
1767443427
1756646371
1757383652
1767205862
1775709166
1684048880
1771744241
1755646962
1762331634
1768664053
1706740726
1757801463
1537707006
1713802240
1773784065
1764240386
1736403978
1711795211
1717808141
1750141967
1767722002
1686670359
1757031447
1760332827
1743481885
1652796447
1757817891
1709796388
1728760867
1724992550
1753435177
1466027057
1750633522
1694911538
1705454644
1731439669
1768762423
1765870649
1771154490
1771482171
1759349820
1741048893
1760742464
1701669953
1696787522
1773988930
1679133764
1760209987
1765231689
1696517199
1707076691
1754803288
1751059548
1774431324
1765452893
1750985821
1775389792
1746037856
1746349155
1722723428
1769573478
1569737832
1765256296
1746750569
1750215786
1703218287
1756392560
1759366257
1668934772
1717202037
1760734326
1746250882
1758022786
1727196292
1764551813
1732340870
1743383687
1750248588
1725336719
1707977871
1744276629
1756458134
1762397334
1721298072
1714457760
1761651873
1773505699
1766886563
1768721573
1746037925
1721863331
1752411306
1725033647
1725598896
1760152753
1738878136
1746447545
1758776507
1763134651
1726311612
1758293189
1717087431
1759358152
1752337610
1689234635
1746267351
1715014873
1765821657
1756294365
1743457503
1729965279
1747274975
1462906083
1754688739
1758203107
1745726694
1766124781
1751411951
1728171247
1727573234
1705839862
1549102326
1736199416
1758260472
1773841657
1773915384
1758964984
1771285757
1727286530
1771105538
1758383364
1763839245
1771867406
1728122128
1756458256
1718742290
1721019668
1758440725
1719823636
1752091925
1710820637
1752747298
1769426210
1720528164
1762602278
1766673705
1741581610
1776053545
1753689386
1753967918
1757777199
1762200878
1748864303
1745677620
1752395063
1681599806
1735970110
1374137663
1535348033
1751895361
1715285313
1727860036
1771359555
1756515657
1765494093
1751108941
1731538256
1740565843
1763175765
1769565526
1759374682
1679846751
1746955621
1755467109
1661275495
1765789029
1760521580
1764330860
1757293935
1713155444
1756351860
1752812918
1756482937
1227844986
1743998333
1742695808
1751068032
1617751430
1774587276
1652936079
1747398035
1754467733
1765748117
1765625241
1773071778
1755377064
1460882857
1729981866
1721626028
1775840685
1762160049
1748839861
1612631478
1755131321
1727720890
1772842430
1736338878
1751387587
1646693831
1732210122
1775472075
1735372239
1749380560
1743867346
1767755224
1739009497
1690111451
1727794652
1760234977
1758219752
1737305579
1768951280
1761570290
1723264501
1764462069
1642458615
1747455480
1764281855
1746308608
1754762758
1733586444
1764519436
1757072908
1756614164
1749650964
1728220697
1760595483
1727524382
1715252769
1774218788
1758465573
1769270823
1721159212
1512197678
1692462641
1716170291
1736396348
1763405375
1752469056
1768828481
1759972930
1767321152
1628122692
1762463300
1761562182
1755434567
1767910986
1725689418
1759702606
1702932058
1706298975
1736003174
1764281960
1765117545
1774423656
1772056168
1768484457
1634389615
1725148786
1714916980
1717440117
1742474874
1683992187
1762291325
1730760320
1741958793
1760513673
1760349837
1775480464
1755549328
1739017875
1761439380
1762569877
1745743510
1769189015
1774472853
1730440857
1764560538
1731546779
1741541023
1749675681
1774464679
1568853672
1746800295
1769279146
1775365803
1750101676
1732382384
1458441905
1753190065
1711771315
1729777335
1749921464
1775742651
1760308926
1751371456
1766928064
1735159495
1713614535
1631465161
1759219399
1745006281
1751281357
1745940175
1737199313
1755983570
1766198997
1407184598
1763651289
1748463324
1705406172
1776070368
1772465895
1756409580
1714761452
1756491504
1732439796
1711542005
1747406583
1762242302
1759973124
1742073605
1772613383
1742556937
1735036683
1767198478
1769352986
1717243676
1750511389
1726525215
1746603809
1761505064
1725927210
1765732142
1653862190
1735175987
1717874489
1757663034
1768836922
1755426619
1722314554
1752510271
1726541632
1747332929
1754795842
1727319875
1752141646
1628204883
1754099540
1745399641
1756450651
1753468765
1775480670
1742679907
1748422500
1754304357
1724944228
1727942504
1651707754
1756393323
1766346610
1763561331
1770467188
1731981173
1769721717
1720463218
1774899080
1722912653
1736511378
1756508054
1406676887
1768550298
1752682394
1725386650
1746448285
1758752674
1717890980
1222987689
1749479338
1722134443
1711853484
1745276845
1767387057
1751224242
1704529842
1729761204
1769877429
1762283446
1753042866
1744580538
1753386938
1647341503
1753722815
1647931329
1775865791
1721479108
1769287622
1744785354
1772064715
1739517903
1717989328
1722314703
1761538002
1760849878
1734356951
1756671964
1535373277
1704316897
1772556262
1770901478
1705357288
1732562921
1761398762
1720766443
1750650859
1758203885
1745457133
1758539759
1744777201
1773981682
1768869883
1618472960
1758146563
1772613636
1746571268
1752551430
1756434438
1750544392
1721847817
1748193290
1728917514
1766756360
1712435222
1772072983
1760751638
1753313307
1736568860
1746604061
1773023259
1769394219
1725607988
1764487220
1710886967
1731604536
1755443258
1749618748
1758343229
1765658685
1733136448
1723461696
1756483651
1725681733
1760235592
1770016842
1721462859
1757474892
1765429325
1774243918
1705799759
1751461968
1762037841
1754624083
1746571348
1746759764
1772580955
1761218656
1730072673
1722298475
1765453932
1773801579
1654526062
1764970604
1756041328
1769279600
1762422897
1756688496
1765298294
1753313403
1706274940
1758589055
1757843586
1771434114
1761570951
1761587340
1755713683
1744572564
1768820886
1750528151
1655959704
1634398368
1743917218
1723347108
1759539365
1653452964
1752346795
1749397677
1720561837
1733783728
1732243632
1768173753
1773867194
1772572860
1698599103
1764380865
1770721474
1747603651
1754763462
1751412938
1466142923
1735987406
1768141010
1706283224
1750126810
1769189595
1745342691
1680822504
1766215913
1705275624
1774850286
1570935023
1765388528
1745948913
1756696819
1769861364
1726279925
1760407807
1740878082
1757499655
1752371467
1745654030
1743745302
1762439450
1768132891
1766084892
1734275360
1722282278
1751445798
1754009905
1731301682
1765142840
1771680057
1755459904
1616826689
1766043970
1746817347
1752789316
1757475137
1768771916
1755607374
1646702928
1630187859
1750348116
1762586965
1747374432
1753157984
1766084962
1764479333
1726296423
1745736040
1758376299
1757483374
1754542451
1741926772
1731490165
1740820851
1761366391
1742410104
1730687352
1753723258
1722028413
1738109310
1757311358
1773121921
1756909954
1724944771
1733767563
1743573389
1703252367
1763176853
1771950488
1376285085
1735225771
1750323628
1741083053
1752109484
1760465327
1774506415
1722184113
1643762097
1724297644
1770434992
1749135797
1749914040
1768493497
1765585342
1744654790
1764209098
1756074451
1713279445
1746006485
1760047577
1726329307
1756107227
1775391197
1725346268
1734889951
1717211615
1747677665
1771237858
1757049317
1763316198
1754255847
1759695335
1773597162
1743606251
1751126506
1715270125
1746809330
1568813556
1717096951
1765765624
1760440827
1765200381
1745826303
1772556799
1773777416
1690391051
1704325644
1762644494
1771516430
1568911889
1775366674
1725944340
1753707029
1764495895
1533563419
1749357083
1761432091
1736503838
1775768094
1728205346
1728139811
1744802338
1773572645
1646146086
1773916712
1751749165
1772253742
1773867566
1746604595
1722339893
1756869175
1752052279
1737978426
1751102011
1721168450
1732407877
1722692165
1766183496
1761636939
1745277516
1747432017
1458598483
1686172248
1645916761
1738773082
1753584225
1756713570
1569911397
1761497707
1716867695
1766814321
1618096754
1732227698
1722708594
1764381302
1753133687
1727763065
1721152122
1742541437
1735135872
1749586562
1749586563
1741902470
1758614150
1746481803
1746989709
1709888142
1756017295
1727705745
1708733077
1731424918
1756402327
1710781083
1772851868
1732399774
1732252319
1769181859
1760998052
1760531108
1727361702
1725895335
1569944233
1762505387
1759064749
1768870574
1726616240
1761702577
1720455860
1734496949
1725788854
1772991158
1720488633
1770083006
1768903362
1769231056
1727861456
1755738834
1668649680
1768903376
1722200791
1730605784
1775530712
1748972250
1752740571
1407267546
1772466909
1774473950
1736700639
1727574752
1759941342
1760170722
1751470813
1730040548
1758712550
1748857576
1753838313
1651741416
1770476268
1772974829
1756058348
1758302959
1691030259
1646719731
1759400695
1740149496
1763332856
1736389374
1774490375
1702351625
1753199372
1720611598
1768706830
1760834318
1755509522
1539281683
1742418707
1703555861
1766593300
1736807194
1536938781
1697739555
1757967146
1767510830
1765069615
1764799282
1773859638
1754739511
1704391483
1734472507
1757360955
1751700286
1768887102
1745965889
1746015042
1710592836
1762571079
1721955145
1728697162
1756574539
1756476235
1753920336
1706152790
1407423321
1749070683
1720570718
1649947487
1765331807
1747211102
1361367907
1765110636
1718367087
1737044848
1714099057
1753699186
1722258291
1654518652
1654567805
1761694588
1741493117
1775383426
1746424710
1775760266
1696551823
1772983184
1729909647
1755124635
1761178525
1754264478
1724134303
1714787231
1731335075
1744491431
1746465704
1753150376
1744819112
1765610413
1770083249
1759769522
1713066931
1717859255
1755935672
1745638328
1759409085
1730007997
1706210240
1760424901
1722430406
1731318728
1745908682
1668379596
1761555404
1773548492
1695208400
1768666068
1758188501
1748612060
1773908957
1774482401
1569403873
1731515365
1762563047
1758508010
1661277165
1745695727
1746031606
1756394488
1723462654
1750791172
1760048134
1731916807
1766863884
1740502029
1770968077
1696961551
1770509329
1770517525
1716139030
1767658517
1749693469
1752781854
1745556511
1767445542
1759786022
1753183276
1756296238
1760154670
1760474169
1756001338
1775711291
1774507069
1740141629
1756533822
1755599938
1754584131
1759974468
1747907651
1735234635
1760891981
1725191247
1727214672
1765168207
1761399890
1752544339
1775891543
1709675614
1757189215
1756918878
1763570783
1752355941
1758696559
1710781554
1757000820
1614550134
1709200507
1754035325
1737028734
1755034752
1765627010
1634743437
1768567949
1746850962
1756689554
1756673170
1728156821
1763873941
1750176917
1754150042
1717204123
1765528731
1760818344
1760040106
1760203951
1758123185
1709782196
1754731701
1758418107
1716491452
1758188733
1769583809
1744745667
1764750535
1758704839
1730065610
1755927756
1743205584
1755690196
1770648788
1770984662
1770681559
1747514584
1725232343
1738364122
1755862228
1743582429
1761154270
1768821983
1750562017
1710847203
1755911399
1720538344
1769288937
1754240234
1697789164
1752454380
1746375918
1744557296
1758532849
1767642354
1752806643
1765209339
1746760956
1751553280
1697903874
1668666630
1741526279
1760810251
1746416908
1758450959
1743623445
1728615701
1769362711
1770427676
1743492391
1742648619
1618302253
1720341806
1731310895
1746711855
1756394799
1617876277
1745818937
1725666619
1756550459
1767847232
1768871239
1763833162
1714722123
1744467277
1469863246
1687000399
1729582415
1755526482
1517950300
1745687903
1729992031
1735423330
1761621352
1753159017
1751250283
1760630123
1700672878
1760892272
1749890424
1756607864
1756484986
1758950778
1756599675
1768936829
1773925759
1775695233
1751496065
1757443470
1745114512
1764291988
1757820308
1751954838
1721882007
1730008473
1766708634
1636455844
1775711654
1724962214
1720964522
1739511212
1760302508
1724978605
1746654636
1748833712
1762424237
1765717429
1746744762
1756755387
1747269051
1757828541
1679799748
1758401988
1768150472
1762391497
1755805132
1739380178
1765725650
1773868500
1771279829
1773901272
1693275609
1763636699
1763735004
1769313758
1751053806
1756796400
1772279281
1756607986
1772066291
1762121205
1722717686
1722578422
1758180856
1745819130
1720522236
1767708157
1728124417
1744639490
1725740548
1762022916
1761211911
1753961999
1458918928
1703802386
1731515923
1705301527
1766790679
1768822299
1721783838
1769256479
1750717987
1733678629
1743844902
1748629029
1684076077
1706104365
1759745584
1745630769
1746802230
1751561783
1748891192
1760417336
1763817021
1714501183
1746630207
1753241154
1723463241
1753814602
1771755085
1758950989
1771574864
1721194065
1761605200
1732245075
1766774354
1753560661
1757066839
1752200796
1697797730
1756190306
1758713445
1728214630
1756567141
1761310313
1696052846
1704490606
1764734575
1722250863
1751512687
1744418414
1763219060
1754601077
1735128695
1524487803
1764300412
1713518203
1759295103
1768781439
1771435650
1722676870
1753175688
1760646793
1757369995
1765774988
1729083025
1775695506
1720506002
1759008404
1703753364
1760171670
1760065180
1766708892
1766037155
1722283686
1763554983
1753142955
1740830379
1756157611
1755027122
1746589364
1706817207
1722021560
1752815287
1751725754
1727870652
1761367741
1748735676
1757451969
1773033155
1677219525
1763120838
1767331526
1775646408
1756468942
1767569106
1760474840
1745868513
1756403427
1743517413
1760368358
1764472550
1729033961
1722177257
1723569900
1753642738
1760573170
1470289652
1751193333
1772074741
1749079797
1754216184
1726617339
1757918975
1599887104
1721120512
1763473157
1714009862
1756321544
1721866001
1724069652
1705907988
1738987286
1770018581
1717114648
1768855321
1757402900
1752586012
1705096994
1773180713
1735980845
1737611054
1736972078
1742583600
1760909104
1746458416
1715263280
1753429805
1764153142
1757574967
1769977658
1709406014
1738135359
1699411776
1718777664
1737037634
1756419907
1712592704
1753241415
1730246479
1703188306
1734489942
1713157988
1774810980
1663178598
1686230887
1686329201
1533589362
1703786353
1227880306
1775703931
1746868096
1750316936
1732319115
1736013709
1735022478
1753356174
1748752272
1704384404
1732229014
1743730583
1756829592
1731516316
1647294364
1716197276
1746843549
1716090784
1773123493
1764972453
1757640616
1760376745
1771747240
1772951466
1763350446
1769887663
1755592622
1744672689
1731581877
1728952249
1726330809
1409841081
1758418878
1706407871
1771706306
1768683459
1756706756
1769314242
1722693573
1720563655
1764431821
1765808080
1713092561
1769387988
1714616277
1725904862
1742551007
1762375647
1774802916
1728182246
1753233384
1765799914
1750792170
1708668916
1227782134
1460254712
1755944952
1747654651
1707137020
1750374400
1721047043
1732237317
1756092434
1705326615
1768552473
1758132251
1723660318
1763366942
1756289058
1753462833
1764415538
1742592054
1769928758
1749661762
1738356802
1738725443
1752553541
1738856519
1750218829
1772795983
1760843860
1757583445
1763268694
1748498519
1735227478
1745623125
1764497494
1764382811
1717221468
1702975580
1760401500
1722751069
1721563232
1745918049
1731582049
1758189667
1747204195
1661556842
1680136301
1733032046
1769404525
1750825076
1758009461
1742157943
1749522552
1749670007
1737332860
1745877120
1717229701
1722259596
1748383885
1755027598
1619253396
1753151639
1618344089
1749563546
1617770653
1703688350
1757550755
1716107427
1761564842
1756281003
1774008491
1766643886
1530853553
1772984501
1760385206
1762384067
1752783045
1735268550
1771911368
1748695242
1763121354
1735145676
1692514512
1773607122
1763121364
1721080030
1661368545
1723472103
1744697577
1723627757
1760049390
1731492079
1761630449
1765857522
1745836276
1717262583
1754724602
1696110843
1760041210
1758468353
1760065794
1756051720
1753733385
1725552907
1766512909
1725159694
1756158222
1696815379
1766562070
1721973015
1773500697
1750268188
1743517986
1735186724
1768904997
1762720038
1741568295
1725241640
1771387172
1708587306
1734392107
1715296556
1735964975
1743911216
1770518831
1760770351
1760573747
1721243951
1753545014
1755404602
1760909627
1767774535
1744320841
1757903178
1753839950
1766644050
1746344274
1751628117
1736391000
1760459099
1746409820
1750358366
1774860639
1722046818
1758280034
1704917348
1504696676
1752471909
1758796141
1759607150
1634859375
1769879922
1732229491
1751144820
1743493497
1720834426
1751406971
1725348222
1756019072
1775532419
1722243461
1745820038
1761728902
1743878539
1756010892
1755519377
1754077586
1763621269
1738340760
1756404120
1696840094
1760745889
1699125667
1775229352
1634810283
1738824109
1768880558
1599855025
1758353845
1756289461
1763908023
1764334007
1752431031
1743583677
1742068159
1713142208
1759328708
1721457095
1653897672
1704950217
1756518857
1744591308
1763596748
1752218063
1763187153
1752365523
1751742931
1745754581
1759377876
1746770391
1721760211
1763514841
1765784026
1746459102
1750399455
1767643616
1709865440
1769970146
1704475108
1460140519
1727609320
1721825770
1756035563
1755494894
1753266690
1759205891
1706121733
1741838854
1756936709
1766390282
1757927947
1726659086
1760459278
1771878927
1679645201
1745795603
1721211411
1760655894
1767160343
1775557147
1758091803
1735678493
1726568990
1746754079
1745664546
1755757091
1750366757
1741822505
1373895209
1752848942
1744493107
1753217592
1721285178
1754520127
1752480323
1661360708
1731926595
1744599622
1770502725
1776138833
1755126356
1750784598
1773476439
1768847960
1749301848
1767807574
1750522463
1732090466
1761663587
1713216101
1754552934
1770158696
1731484266
1706441331
1750645364
1758362229
1741863542
1764080245
1733802623
1721293439
1762212482
1655954051
1758141060
1756830341
1769126535
1747294855
1730706058
1746057867
1693244046
1725864602
1743903387
1714453148
1749547677
1761508007
1713961645
1650809519
1758485167
1570847410
1768577714
1773902519
1767586489
1757805242
1763130042
1760262841
1758845635
1756437189
1741888198
1469823687
1742453452
1701706446
1767750352
1732016849
1652832979
1772272341
1759361750
1758304984
1774115545
1772288733
1767824094
1749842659
1756633827
1767635686
1727904501
1751554805
1721162486
1766464250
1749228287
1768471301
1756691208
1717115660
1772829454
1690409748
1767693084
1768717086
1752709920
1775123233
1750989602
1760443171
1530813222
1752333095
1760484136
1770044198
1723562792
1765530411
1758329640
1771100977
1761606449
1755003699
1725700915
1723317053
1770003262
1760172862
1725307714
1749474115
1761000260
1769855814
1764326215
1731566407
1755978569
1775958858
1775713096
1755667277
1748835152
1733204827
1751587678
1719163742
1749801827
1732336484
1762106212
1722407781
1774893927
1537710953
1756969837
1727691632
1734294386
1770462068
1744485238
1766013815
1600609145
1760385916
1762409342
1752660865
1618271106
1754487692
1732246413
1728707470
1728183180
1775065997
1731861393
1746000781
1710840726
1712044952
1713126296
1752808347
1758895009
1756502946
1750121378
1770789793
1772821409
1774754730
1759247284
1775778743
1744599992
1736588216
1747491768
1761598395
1653906359
1742445501
1744264130
1764064195
1696136138
1757084625
1748761563
1730042848
1774410722
1767767014
1756732390
1733057515
1775410156
1745951725
1720572914
1745853427
1761205239
1770961915
1721015295
1757772802
1770372101
1731853325
1743559693
1704082448
1760877584
1774246929
1760893972
1760533526
1758190616
1731820570
1758288923
1706458140
1764301857
1745959969
1753693219
1754258469
1765407783
1773190184
1723595819
1752489004
1736473645
1727634476
1769831471
1751800879
1770273842
1753300019
1741511732
1775852600
1753955393
1754291268
1376230469
1770503238
1761475656
1707924553
1767119947
1763613772
1748745295
1755569235
1745902679
1760451675
1725832291
1748573284
1769372773
1374157931
1728216173
1746058349
1720564853
1756429432
1751096440
1769495674
1652276347
1753889915
1749531771
1715010686
1697758335
1725840506
1751260285
1749367939
1746640005
1746787464
1728134282
1752685706
1763679372
1744305293
1751891086
1721924751
1769389197
1731837078
1525464217
1759861918
1758002337
1703435425
1753160867
1752071331
1748253864
1721605292
1744739504
1738087601
1763220659
1713249460
1762598069
1759739064
1750695096
1737276602
1649188027
1753554107
1751071932
1223031993
1725848772
1512185029
1617845446
1755937990
1727331526
1761475786
1756159184
1766808788
1731370200
1511398620
1757248732
1753521373
1529298145
1649532129
1709956323
1757535463
1745698023
1713994988
1752325357
1763253486
1773247727
1751391471
1718090992
1766653168
1769635053
1703222516
1769700594
1760918783
1768340739
1727601924
1764547845
1769463045
1709440263
1720556806
1770814729
1765448970
1767759117
1664974095
1745272083
1759550739
1734196502
1766841622
1729862935
1745927451
1764842785
1743543586
1747582245
1756577062
1731935528
1752259884
1711602988
1754185007
1725267248
1749409073
1741602107
1729846600
1705057612
1757060428
1704353103
1740053839
1768815954
1769864530
1760861522
1772535125
1756896595
1750105432
1773788506
1728322909
1757912417
1725980004
1759960421
1695219047
1755676016
1743560053
1775697279
1751358849
1750711681
1770274178
1711504772
1752145285
1756421507
1750187401
1721064843
1227808141
1406655890
1729977748
1749335448
1768324509
1618124194
1753210274
1746877862
1763794347
1754881453
1725152685
1768611248
1702305200
1760730546
1735302582
1720556991
1745116608
1735450049
1749704129
1769889219
1757453764
1743551940
1376271815
1458453960
1765875143
1750662607
1742659028
1763171801
1761631706
1762835929
1654537695
1762311648
1709751775
1753808355
1758567908
1751473644
1746918895
1757298165
1769192952
1732869625
1767816696
1720573435
1775795708
1760288256
1704173057
1735171589
1757380103
1764457991
1748663817
1756044812
1752817164
1745493518
1760517649
1717173778
1753964056
1760878105
1653841434
1771339292
1753988642
1772781092
1727520293
1755659815
1772527144
1773469227
1714576942
1768201777
1766096435
1736072756
1767415347
1748958772
1750720055
1736343097
1722293818
1756110395
1744674370
1764163141
1496587847
1715560008
1763180105
1756413517
1763515987
1730567765
1746329174
1756413525
1714216534
1718550111
1722711647
1741913697
1749311075
1696808551
1720893035
1772428913
1758961271
1748762234
1772961403
1706434173
1760362109
1756487294
1730256512
1720974979
1726561924
1766596240
1749663382
1757052568
1759321752
1768832670
1764875935
1758666400
1754218144
1749909154
1760386728
1658371763
1755569844
1769406134
1772117686
1735204538
1600585404
1755512513
1760812738
1770520259
1775910596
1770561223
1740512970
1758879439
1771323092
1750539988
1765793492
1770479319
1699413720
1751244506
1741528797
1755700958
1706475237
1647951590
1712864999
1722359531
1753095925
1720950518
1376239349
1757757177
1731878655
1758756607
1524465414
1764097799
1720565512
1762451210
1746951953
1771953944
1730346777
1772568346
1773010717
1761877796
1679859493
1720590116
1376313127
1645805352
1771388710
1740578602
1769455402
1528635180
1753300780
1377976109
1763745583
1771233068
1754562356
1752112949
1700634426
1719713596
1775697725
1752473406
1715068735
1724522306
1708654404
1754660682
1725669195
1770200907
1765130058
1757216590
1730404175
1721253712
1767718738
1738825555
1767579474
1770078037
1773272920
1711578970
1768972126
1724874591
1705148258
1766547300
1770536804
1725366116
1726259048
1713053545
1751687019
1755635567
1707958131
1774419828
1727364981
1755422580
1756782455
1725218680
1767628662
1771233147
1725243260
1645879167
1746591615
1751236479
1759838080
1769504639
1765449604
1749671814
1753186191
1661829008
1705254801
1725226898
1652858771
1746476944
1742643093
1757847446
1752047510
1755430801
1743445915
1702952863
1770610592
1654218657
1722195874
1758306211
1770692513
1693286309
1765474211
1697038247
1759535016
1691008942
1776009135
1758740398
1770594229
1755905974
1758699447
1769922486
1770348477
1706549182
1772797888
1768234944
1757396931
1767743428
1746304966
1680785351
1736032200
1752326092
1527906253
1743552462
1760804816
1772806097
1768038355
1723457495
1746460632
1772404696
1767497694
1717370849
1715355627
1739120630
1719877622
1744478200
1756758010
1768824828
1768824829