2 1769737432 32 53 82 99 145 12 15 77 86 518
1 1763448502 25 51 99 106 420 9 13 28 114 498
2 1772363715 5 18 50 245 267 54 74 254 497 498
1 1762402417 63 80 92 104 105 8 58 64 222 412
2 1770531657 58 64 75 246 498 40 59 61 67 157
2 1766327909 11 21 86 99 111 20 40 51 92 427
1 1763714284 43 45 122 145 154 31 67 115 121 350
2 1764765107 3 57 64 122 222 39 89 103 141 498
2 1763715463 24 84 143 245 498 11 13 15 80 161
1 1764494735 8 24 25 51 64 37 39 68 254 498
2 1768692077 13 63 74 120 142 54 61 67 201 245
2 1767383936 64 82 145 238 267 4 24 222 223 245
1 1762659617 23 31 121 236 555 25 45 133 157 421
2 1769739497 14 18 99 121 412 4 67 111 145 245
1 1771838647 22 64 92 111 112 10 35 42 81 432
2 1762401694 7 27 51 246 555 8 107 117 145 238
1 1771574473 4 43 56 110 518 12 64 84 236 240
2 1764765180 13 55 64 145 412 30 90 92 432 498
1 1762135283 22 36 84 143 254 35 58 106 145 222
1 1762930424 58 67 82 121 201 13 40 59 96 157
1 1767112789 56 83 134 161 202 10 96 117 157 254
1 1763711951 10 51 80 157 350 35 84 236 246 412
1 1765805469 20 39 111 236 498 8 12 59 81 141
1 1762403940 45 56 111 122 222 11 58 59 79 498
1 1767638585 18 60 89 98 161 10 53 59 142 498
2 1765544609 9 22 41 43 142 11 26 114 145 497
1 1762925347 4 18 35 133 412 80 99 119 203 267
2 1766591700 6 22 28 43 61 25 59 89 133 222
1 1766066923 22 53 122 127 245 75 117 120 222 555
1 1770791692 20 24 111 157 236 30 98 145 246 497
2 1765813895 9 120 238 240 498 5 105 122 202 555
1 1767638994 7 35 92 498 555 31 121 202 238 412
2 1769214913 31 37 145 246 517 35 58 157 412 498
2 1762921473 58 81 121 268 555 39 45 80 201 236
2 1767907055 9 39 64 119 145 8 51 111 121 157
2 1770007483 59 61 67 80 267 16 86 113 498 518
1 1763708113 67 134 141 236 267 24 51 53 64 74
2 1766068611 25 58 134 145 245 7 22 36 43 67
2 1762921783 18 54 63 86 142 10 44 55 67 141
1 1763188449 25 38 164 202 245 41 106 127 236 350
2 1764237844 18 45 68 72 202 6 11 40 51 105
2 1763189333 16 50 79 141 236 33 51 83 412 555
2 1763714526 2 13 20 117 498 11 111 145 236 266
1 1769481210 45 59 84 145 518 13 51 58 201 245
1 1767646393 10 35 53 54 236 8 81 89 120 150
1 1762404542 18 53 67 91 154 8 51 54 89 131
1 1772367181 4 16 36 69 498 53 81 86 254 518
2 1770532492 15 30 53 69 114 17 18 25 55 120
1 1767908095 78 120 131 497 498 9 11 41 110 134
1 1761348855 2 53 67 92 157 22 39 105 107 142
1 1762930368 11 45 63 157 266 86 107 246 427 498
1 1763449373 13 77 89 103 202 11 39 101 236 267
2 1768954703 15 25 56 68 157 19 22 53 122 136
2 1770792153 19 31 67 84 117 69 82 96 106 412
1 1770001717 25 51 68 122 157 24 141 202 350 516
1 1770267604 24 51 75 99 555 27 120 145 161 412
1 1765549747 58 79 90 201 222 25 51 106 112 157
1 1770788944 45 53 122 236 245 51 111 141 266 518
1 1764760122 60 86 110 111 157 40 64 92 103 119
1 1769475388 24 67 80 245 555 22 33 55 86 107
1 1771050831 64 103 350 498 517 60 83 89 202 518
1 1761878194 8 11 16 31 222 13 53 55 245 498
1 1762397960 40 81 82 90 141 92 103 154 236 412
1 1764761269 10 37 45 421 498 19 28 145 238 350
1 1771834723 67 105 111 133 141 20 53 81 157 420
1 1768951361 13 43 51 77 246 4 31 40 54 81
2 1763709979 20 67 84 145 267 64 81 92 246 350
1 1760828828 51 141 142 150 201 24 79 103 145 412
2 1768694868 18 24 99 122 497 60 86 103 236 555
2 1765551582 5 63 105 113 236 4 35 48 75 81
1 1766329383 8 50 81 121 245 64 84 86 497 498
2 1765806302 13 35 80 110 203 33 55 134 222 412
2 1770000969 17 81 105 120 412 67 99 121 122 245
2 1761612852 41 54 127 222 555 22 63 76 126 238
2 1760831652 60 67 75 117 157 12 51 80 84 86
2 1769744501 82 111 142 202 518 11 45 51 53 92
2 1770522288 4 51 54 266 412 5 92 246 497 498
2 1762399885 18 86 115 121 412 89 103 122 236 245
1 1769996769 41 51 111 134 141 18 54 107 161 555
2 1764756995 51 53 85 90 421 13 89 107 254 498
1 1762135559 6 56 61 117 202 51 55 89 121 517
2 1768428348 20 36 40 76 498 25 33 41 53 119
1 1762664111 35 85 91 119 412 33 81 84 201 268
1 1764501561 18 28 86 105 111 13 58 67 77 267
2 1770258736 17 51 157 412 427 8 18 41 59 89
2 1770262941 31 99 145 157 245 6 58 80 89 498
2 1766591740 25 41 104 105 145 69 98 254 412 498
1 1761348933 22 64 69 103 350 17 38 51 77 111
2 1761351678 24 51 63 84 120 27 121 145 245 267
1 1768433814 18 80 222 245 267 17 21 64 134 555
1 1765805300 64 91 122 222 267 39 59 86 142 350
1 1768171272 17 18 45 107 555 24 48 117 145 157
2 1762658952 38 40 64 145 150 25 67 86 134 254
2 1770261789 13 45 121 236 267 16 22 35 55 113
2 1762405764 21 28 58 145 432 35 117 119 122 134
1 1766069517 7 24 40 222 245 17 39 45 99 141
1 1762133111 10 21 59 134 201 5 25 38 51 150
2 1765549888 91 114 121 201 429 58 90 202 254 267
1 1769474255 11 13 18 43 202 21 24 84 254 412
1 1771842609 23 33 105 145 267 9 238 350 420 498
1 1766068441 36 38 51 143 254 25 35 103 114 145
2 1761614432 18 80 89 120 131 56 122 236 412 518
2 1769483675 45 64 82 236 555 37 55 58 113 202
1 1765810796 59 75 80 99 222 45 67 122 141 518
2 1765288025 75 81 99 254 555 13 58 64 202 267
1 1761616675 2 13 25 114 202 3 110 111 141 238
1 1763182138 67 104 157 164 267 36 62 145 245 350
2 1767113189 58 64 81 131 267 22 43 91 122 245
1 1762924340 25 45 54 121 202 15 30 41 53 81
2 1770265309 161 164 202 245 555 2 17 81 105 497
2 1769476398 38 51 53 64 86 22 55 98 111 141
1 1762140532 26 41 67 107 412 55 58 72 111 202
2 1762923731 5 51 92 99 238 10 15 50 134 266
1 1769210782 4 35 143 202 516 28 43 92 119 238
2 1764754327 77 92 110 142 412 12 13 120 145 238
1 1762920334 29 51 86 117 267 13 141 236 245 432
1 1766336760 67 92 112 154 412 8 25 33 86 110
1 1766591892 5 58 222 245 267 38 41 53 81 518
1 1764233212 18 19 45 92 111 51 64 81 82 412
1 1763710394 10 33 99 134 498 13 24 91 111 119
2 1768952808 24 122 143 412 498 2 22 56 61 497
1 1770792483 117 145 238 254 555 35 51 69 114 518
2 1769996536 37 82 101 141 236 64 99 150 222 412
2 1768171528 20 38 51 53 266 9 41 74 121 246
2 1763190428 10 22 86 142 555 84 113 131 497 498
1 1766854618 13 121 157 412 498 18 35 39 58 143
2 1770527928 53 63 67 104 145 75 84 90 121 555
2 1760825499 5 24 69 110 161 25 51 82 127 141
1 1768426153 64 82 86 157 350 50 81 117 120 518
1 1762139449 16 86 142 245 498 17 21 35 157 267
2 1770262000 76 238 245 498 555 29 56 63 86 103
2 1771307883 7 53 80 83 498 35 86 111 161 222
1 1762665406 21 33 41 111 266 61 62 157 245 267
2 1770262158 5 150 267 268 498 2 50 67 92 99
2 1762399799 38 39 43 121 145 35 59 81 98 246
2 1767638429 13 26 86 236 245 51 59 61 63 121
1 1772360381 15 43 74 86 120 25 36 81 85 99
1 1762924732 4 59 150 236 412 7 10 141 498 555
2 1767385764 21 60 75 103 432 4 25 29 41 64
1 1767643358 31 51 60 157 240 21 50 90 141 266
1 1770783021 24 51 111 157 164 8 33 67 114 412
1 1760829953 8 25 33 51 150 10 81 91 141 350
1 1769481416 39 53 64 67 117 16 35 61 111 236
2 1769215677 18 60 111 122 222 8 76 81 150 412
1 1767906430 12 51 55 157 254 21 86 131 145 555
2 1765808162 58 90 121 145 267 15 25 28 86 99
1 1764763924 56 58 106 145 223 25 54 86 121 498
2 1762396667 53 64 67 75 517 33 51 112 157 412
1 1762923790 44 48 61 67 86 5 21 45 99 117
2 1762920148 58 81 91 254 412 7 16 92 120 222
2 1768950649 7 51 64 86 350 43 53 90 145 245
1 1761876159 80 81 238 245 412 23 59 63 157 202
2 1768428196 90 141 236 266 412 8 50 64 81 98
2 1761612501 34 35 122 202 412 36 81 141 517 555
1 1764498352 7 32 85 202 412 8 18 45 64 555
1 1762664199 22 34 35 89 122 18 24 26 51 86
1 1761346075 16 64 122 222 245 29 41 120 127 412
2 1760831174 21 84 120 161 267 37 64 99 126 222
2 1766851293 58 81 117 121 126 51 120 245 266 432
2 1766858909 1 145 421 498 555 10 51 99 141 412
2 1769734720 59 67 82 238 267 84 120 245 497 498
2 1768435098 11 38 58 99 498 8 34 80 111 145
1 1771838114 56 79 122 432 498 38 43 60 81 266
1 1763449724 2 55 76 86 350 4 43 53 145 222
1 1762402706 19 62 114 143 145 35 105 117 122 222
1 1765551022 8 141 145 161 432 6 64 111 202 238
2 1771572082 28 51 80 85 267 55 64 81 133 412
1 1768686323 14 25 61 222 412 11 60 78 89 119
1 1763444835 16 84 112 121 145 29 64 114 117 157
1 1766851800 43 92 106 245 498 9 23 81 157 267
2 1767899647 111 122 145 154 238 64 86 103 267 498
1 1767899645 28 81 105 350 420 13 35 92 412 498
2 1771049817 19 58 81 111 238 22 30 35 75 412
1 1762138984 18 56 86 127 412 11 23 30 236 517
1 1771046751 22 45 62 83 497 29 35 111 157 164
1 1761614922 22 27 141 238 267 4 25 83 104 498
1 1764236841 53 68 145 238 245 13 81 117 131 555
2 1766335623 60 85 145 266 412 16 24 45 81 121
2 1770264166 51 89 92 99 120 25 82 141 145 555
1 1762657582 31 64 81 157 497 28 78 236 246 427
2 1768696867 17 53 63 64 81 31 89 105 121 202
2 1761609592 10 29 101 134 498 7 80 154 222 412
2 1770789104 28 45 86 245 412 12 17 38 202 254
1 1760821777 6 22 25 64 127 35 40 67 86 99
2 1761876084 6 64 81 92 497 13 19 89 110 157
2 1770008085 55 82 245 267 498 8 121 222 236 497
1 1762399367 41 121 134 497 498 6 59 67 127 555
1 1771838289 2 8 91 145 432 13 40 157 421 498
2 1762928903 11 51 99 105 266 22 35 86 111 143
2 1770266044 60 83 103 145 518 36 53 67 99 120
2 1766857577 55 62 81 92 350 13 16 64 67 240
2 1769996899 9 45 59 114 145 13 51 54 63 254
1 1763443040 8 36 58 99 202 50 86 203 222 238
1 1767117443 11 17 53 145 161 23 33 51 90 111
2 1769215096 8 12 51 64 157 22 24 61 83 267
1 1763444196 53 103 121 157 202 81 131 150 267 427
1 1763714441 86 114 141 143 222 5 13 58 202 412
2 1766329022 40 83 105 120 145 54 80 86 202 267
1 1767382806 67 76 114 117 122 10 43 78 81 127
2 1769999703 53 64 84 157 498 35 80 82 111 236
2 1764756311 8 22 111 254 266 64 69 222 236 412
2 1769743563 22 25 84 107 240 5 81 103 518 555
2 1764493600 64 142 157 497 498 51 83 105 120 555
2 1761349782 64 81 122 143 238 20 82 111 157 202
1 1762664459 8 21 40 60 122 15 58 76 103 161
2 1768171070 58 105 202 245 412 53 64 81 84 104
2 1763445990 8 21 35 53 61 30 63 126 131 202
1 1772101421 84 89 114 145 154 51 99 105 141 412
1 1762918434 33 69 89 164 236 4 11 22 26 92
1 1766594283 82 86 120 145 412 25 92 99 203 498
1 1769219978 51 89 90 107 120 29 64 103 240 555
1 1767115439 4 64 89 240 498 55 102 107 222 350
2 1762143848 41 120 145 238 432 25 32 105 157 498
2 1770521393 7 11 22 58 350 18 19 64 103 111
1 1766064588 23 53 61 64 81 12 36 51 90 164
1 1771575609 23 54 74 141 145 29 35 55 107 267
2 1762658184 7 35 81 240 497 8 15 89 105 107
1 1765805046 9 25 122 145 254 58 131 141 161 222
1 1761613720 8 22 25 59 114 27 35 67 69 117
2 1764494838 21 86 104 246 412 15 64 74 84 143
1 1769481897 8 22 43 86 120 13 60 63 82 498
1 1762402880 13 22 35 103 412 15 41 43 121 518
1 1762141206 16 59 80 143 236 19 38 81 266 267
2 1766590426 8 79 81 92 267 121 134 236 266 555
1 1770001989 18 60 157 432 498 34 67 99 120 145
1 1765547946 84 86 117 141 222 40 67 157 223 254
2 1769999840 10 22 24 43 117 54 80 142 222 267
2 1769472050 14 81 121 238 412 64 111 112 145 157
2 1763714661 15 25 64 81 157 17 53 79 222 245
1 1769217903 7 20 58 89 119 3 17 28 236 267
1 1770259720 18 54 78 105 117 29 60 82 142 555
2 1766855125 6 60 63 202 238 3 29 40 51 84
2 1760825126 31 35 164 236 412 12 22 59 68 245
2 1769212070 59 84 117 145 150 24 36 81 223 238
1 1766856404 24 64 117 157 236 10 39 79 145 267
1 1764757345 22 30 85 122 555 59 83 157 236 412
1 1763707504 27 45 141 145 412 64 81 103 236 497
1 1765284228 101 104 122 202 267 12 21 64 67 266
1 1760827849 53 60 157 236 240 7 51 98 143 245
2 1769745654 26 64 68 157 202 11 22 86 101 245
2 1770783312 12 64 75 163 222 51 53 114 121 497
1 1764502489 8 22 59 99 122 10 81 90 98 102
2 1763445476 22 50 58 59 84 13 18 35 143 238
1 1770263125 56 222 240 245 432 7 48 51 86 412
1 1771048413 18 24 64 101 117 51 61 84 121 412
2 1771048653 21 59 81 92 412 6 35 45 107 202
2 1761610865 13 41 121 222 497 51 64 80 99 112
1 1768427311 74 103 145 254 555 48 86 111 142 429
1 1770531175 8 41 56 202 267 45 67 84 245 432
1 1765540755 24 51 53 55 104 32 81 114 143 238
1 1761872786 15 35 39 99 518 64 74 84 101 202
1 1771045635 26 60 81 114 238 63 64 86 103 236
1 1761349711 1 35 44 114 202 24 99 110 246 517
1 1761873234 8 41 60 67 412 4 39 80 119 268
2 1771046347 35 84 99 497 498 41 55 60 145 412
1 1770786079 121 122 236 497 517 19 86 111 145 157
2 1766850655 25 41 64 99 145 5 83 122 201 222
1 1768959310 30 99 114 145 555 6 35 236 238 412
2 1763704906 39 55 111 145 517 40 51 64 103 164
2 1770263385 17 35 81 91 555 30 114 157 236 350
1 1765804595 2 4 113 145 497 67 103 121 266 412
2 1768951236 12 13 35 51 154 38 150 222 254 555
1 1770783369 11 41 50 51 267 58 81 90 245 350
2 1767382228 29 61 62 412 518 8 32 202 350 429
1 1768171158 26 28 82 222 267 4 64 111 122 145
1 1760822384 22 38 43 114 245 53 58 64 145 517
1 1764238147 24 36 38 51 267 7 9 58 117 145
2 1762920051 17 90 145 154 412 22 28 36 62 117
2 1761877289 51 82 91 98 141 23 32 117 222 238
2 1763451859 22 64 122 238 267 35 39 89 99 202
1 1762921725 18 21 86 223 427 24 40 51 59 61
2 1768952150 26 67 157 245 266 4 76 86 145 267
1 1765551199 13 40 236 238 245 25 39 99 121 122
2 1764494606 22 35 103 111 157 12 24 145 254 517
2 1769213862 2 38 75 412 429 45 58 145 254 555
1 1767904045 5 86 89 99 222 51 84 92 121 555
2 1766331154 3 58 117 120 222 64 67 245 266 267
2 1770004986 18 54 55 141 555 2 92 101 145 350
1 1762921228 16 55 114 121 236 10 18 64 99 555
1 1762403705 82 117 222 245 266 53 86 141 157 236
2 1769216930 45 64 86 497 498 13 15 28 114 350
2 1766334932 35 45 53 80 157 1 81 99 121 266
1 1767902002 28 63 67 84 103 22 45 80 114 267
2 1762135330 4 11 107 266 427 33 45 92 145 412
1 1760826089 82 111 134 222 245 13 43 69 81 141
2 1769483107 3 22 40 64 68 53 91 133 145 163
1 1761356756 40 64 81 240 518 59 101 145 161 164
2 1770790420 17 79 105 117 498 58 64 67 134 143
2 1767638171 28 34 51 98 117 24 102 145 238 267
1 1763183849 35 40 58 67 74 51 105 111 131 157
2 1764495895 35 43 45 114 145 8 16 80 81 92
2 1763707201 17 39 56 143 202 13 18 20 25 497
1 1765545790 9 22 58 60 131 1 122 163 222 267
2 1767647139 22 23 32 43 157 4 20 37 83 145
2 1766598820 16 51 57 115 121 103 111 145 163 164
1 1767385502 15 59 86 117 518 99 111 126 145 254
2 1771575169 43 48 127 157 222 20 131 145 427 432
1 1770787382 20 45 54 56 202 1 18 23 50 254
1 1767645590 9 22 25 42 58 4 33 98 99 245
2 1769737766 17 80 91 412 498 35 133 136 145 350
1 1764229773 17 19 63 67 134 24 39 51 99 161
2 1763705959 10 25 29 40 51 54 107 122 145 267
2 1762666164 51 86 89 90 121 30 53 54 145 518
1 1769212439 64 74 84 92 350 34 67 80 89 120
2 1762403014 8 33 86 497 498 11 101 110 117 266
2 1765548835 25 45 67 141 150 36 38 40 80 145
1 1766861283 33 51 80 157 267 17 25 54 131 222
2 1766588451 39 142 145 236 267 25 45 114 154 202
1 1770783296 43 55 58 141 145 2 164 246 267 498
2 1771570710 39 122 141 236 555 31 51 79 89 246
2 1761878730 45 110 222 223 245 35 69 117 145 150
1 1762395340 41 63 64 84 89 5 17 51 86 111
1 1766590946 19 26 51 75 99 41 45 64 81 89
2 1771842557 44 59 103 122 222 25 76 82 142 145
1 1767902631 12 64 67 99 114 13 77 80 145 201
1 1769734246 7 51 84 245 555 25 35 45 81 92
1 1768169450 13 39 64 67 117 3 10 11 99 119
2 1764754467 1 107 222 420 518 35 64 105 145 161
1 1762405262 7 10 51 53 254 63 122 157 222 517
1 1762137741 6 74 254 497 498 54 67 110 157 245
2 1771841904 25 60 81 92 142 15 40 105 141 157
1 1766857375 12 23 51 157 245 53 84 120 240 498
1 1762142544 84 107 201 236 246 51 58 163 245 350
1 1763182945 22 25 75 105 157 24 32 119 142 412
1 1769741786 91 122 222 245 412 6 64 84 111 498
1 1769219200 18 35 41 103 412 64 82 105 222 555
2 1772366584 6 38 64 81 497 43 56 122 145 245
1 1763453963 22 75 101 143 421 4 60 86 497 498
1 1768691020 67 85 141 157 412 33 145 161 238 267
2 1771580246 99 107 111 157 498 67 105 119 121 497
2 1765283542 10 12 145 163 245 34 67 86 254 350
2 1767378279 38 67 86 117 245 31 35 81 82 99
2 1766597982 25 41 58 76 222 4 28 51 86 117
2 1771049146 13 41 51 203 412 43 58 59 84 498
1 1768166268 15 55 104 126 267 4 21 111 122 245
1 1764239134 5 21 75 90 412 80 122 236 238 555
1 1767114263 17 33 83 157 498 23 35 115 145 497
2 1762922777 1 113 117 150 236 26 114 145 412 421
1 1769474555 13 141 150 201 236 31 67 127 154 497
2 1764236794 54 67 99 117 203 25 35 86 90 202
1 1771833559 7 35 62 154 222 33 90 420 497 498
1 1761345949 15 61 64 86 267 51 60 122 245 555
1 1762923567 25 45 67 99 121 8 24 44 64 81
1 1767903920 26 75 81 121 134 7 54 64 111 145
2 1770788389 8 10 29 43 107 16 72 105 122 222
2 1764757197 12 13 41 60 145 18 24 35 38 89
2 1769218040 6 35 50 51 103 24 43 67 84 266
1 1761870271 30 80 103 161 236 45 74 76 202 555
1 1764494528 63 85 145 154 497 39 51 54 246 412
2 1768166823 11 75 91 412 498 18 59 67 131 201
2 1766327084 86 134 145 245 555 38 43 59 74 164
2 1768425874 41 64 67 103 201 18 35 45 58 555
2 1767378353 75 157 497 498 517 64 67 82 122 555
1 1770787335 32 36 74 101 157 81 115 120 126 350
1 1768685568 35 111 236 238 420 18 54 92 131 555
1 1763183810 51 59 86 111 517 18 24 103 163 555
2 1769213200 41 89 157 163 202 34 120 122 222 350
2 1768170666 22 64 81 143 350 28 38 43 98 202
2 1761357085 25 30 41 120 145 4 86 121 201 202
1 1760828738 35 40 51 127 240 18 30 150 157 555
2 1762394490 58 121 236 245 412 21 25 80 86 497
2 1762922748 53 103 121 143 145 8 40 51 64 127
1 1764499658 86 120 497 498 518 13 40 51 114 421
1 1769215286 1 8 117 254 498 53 59 61 82 119
1 1767383562 51 84 117 157 254 3 29 266 497 498
1 1768424909 13 60 115 222 412 9 11 157 238 498
1 1762396332 35 76 157 164 202 5 50 55 74 150
2 1765283580 5 51 112 246 412 10 25 161 202 427
1 1772095106 7 35 40 64 81 11 13 67 91 267
1 1769739015 51 58 64 99 412 10 67 103 254 555
1 1762142807 22 34 64 92 117 7 96 121 157 412
2 1770528209 9 67 107 145 238 1 39 64 119 127
1 1765542555 31 54 99 222 245 1 11 22 43 80
1 1763183867 60 61 164 222 350 24 163 497 498 518
2 1763712212 81 92 112 245 350 25 56 74 86 145
1 1765280930 25 56 81 103 114 33 99 145 150 157
1 1760829317 115 145 164 245 267 41 43 120 142 202
1 1762660270 28 80 86 99 145 6 50 113 236 517
1 1768957232 54 58 60 236 412 13 111 121 122 202
1 1764239294 58 64 142 202 412 20 62 86 114 350
1 1770265236 53 64 67 104 142 63 82 103 222 246
1 1763188592 22 54 56 266 555 13 64 86 119 350
2 1766855008 22 63 92 104 518 12 41 51 61 107
2 1771842357 90 92 141 222 555 26 64 91 145 157
1 1767385526 22 31 55 104 412 18 86 120 238 432
1 1768952915 22 43 75 154 238 51 55 58 64 161
2 1771051825 39 59 81 238 350 43 92 120 236 246
1 1769480024 10 25 120 202 517 67 84 102 143 157
2 1768693010 25 86 91 145 246 67 114 120 157 267
1 1761878100 21 35 75 131 267 23 67 78 245 432
1 1762929763 64 99 164 497 498 28 111 222 266 518
1 1764237424 25 56 111 145 420 58 81 142 143 421
2 1770008035 25 64 69 86 110 5 13 67 89 222
1 1762924055 18 38 80 89 245 22 39 58 60 497
2 1765280555 35 43 54 74 498 17 53 64 91 157
2 1761875791 4 16 18 64 84 41 80 131 202 412
2 1771832805 41 50 64 238 498 40 67 79 86 236
2 1768952352 12 30 67 83 157 8 85 111 121 222
1 1771570545 115 122 154 202 412 17 35 86 245 350
1 1766332332 15 16 75 141 245 13 64 67 99 103
1 1762140248 3 11 50 98 498 31 111 114 236 245
2 1763705014 32 86 202 245 497 16 41 84 121 145
2 1765549388 51 61 141 240 267 13 40 120 145 420
2 1769473711 38 64 81 99 114 15 91 92 245 497
2 1772097353 58 81 104 236 267 10 55 111 120 145
1 1763704968 20 25 51 86 103 82 84 236 246 267
1 1768689790 41 145 154 161 412 20 24 50 63 110
2 1763710368 45 141 143 145 157 54 80 236 245 412
2 1761609222 36 81 91 92 432 11 12 84 163 498
1 1764759189 8 106 266 497 498 59 80 112 145 555
1 1762135809 8 18 99 104 412 38 58 222 245 555
1 1770260397 32 67 91 111 240 38 51 64 89 122
2 1763449634 2 7 145 157 412 18 25 55 58 120
1 1761353308 35 110 122 127 412 22 31 39 117 121
1 1762141374 18 25 61 114 254 21 39 64 161 412
1 1767647331 8 37 64 145 238 16 39 51 113 154
2 1770259134 55 59 145 236 555 29 53 81 84 134
2 1770523755 24 112 202 266 267 4 58 61 254 350
1 1770267360 1 11 39 45 80 16 33 54 58 81
1 1762920347 157 202 245 421 555 17 35 39 497 498
2 1765811021 18 40 92 141 517 25 60 120 202 555
2 1762922738 1 99 106 145 157 86 120 127 202 555
1 1764234164 8 10 59 117 498 22 101 102 240 412
1 1761874939 6 8 11 498 555 13 17 40 67 76
2 1765285601 21 41 60 246 412 26 105 145 238 254
1 1764230208 10 55 81 245 412 18 27 80 91 111
2 1769739366 22 25 48 83 101 13 23 54 64 145
1 1767375489 4 119 134 141 412 58 120 142 202 223
2 1772097992 60 61 117 122 222 16 22 59 150 245
2 1760821947 51 60 92 103 350 18 39 99 121 267
1 1770264313 21 24 80 127 412 67 83 142 254 555
1 1765808571 8 10 117 122 429 9 38 51 86 104
2 1768430059 15 24 74 86 161 25 42 51 56 85
2 1768433547 25 33 45 67 89 54 86 117 120 498
1 1765550469 67 86 104 157 412 2 18 92 111 145
1 1769219361 10 32 266 412 498 8 64 202 238 555
1 1768166999 4 23 33 117 236 10 45 80 412 498
1 1767644511 51 80 103 163 555 40 45 58 67 246
1 1771576914 9 35 92 222 238 4 67 121 201 246
1 1762135119 5 51 85 238 267 8 16 18 92 421
1 1765548566 2 29 39 122 201 86 104 142 202 412
1 1765546122 4 24 86 145 497 5 110 111 122 136
1 1770783250 56 121 164 236 497 5 25 29 80 142
2 1767906441 1 10 50 67 254 51 103 120 412 517
2 1771575099 64 69 81 99 164 5 25 27 51 112
1 1768427782 8 22 64 115 412 13 17 24 111 236
1 1768171496 53 64 84 103 202 41 55 111 122 145
1 1762399560 16 56 86 99 145 64 67 103 119 143
1 1761610991 45 121 122 236 412 24 50 67 142 266
2 1762923706 12 36 99 110 154 82 115 141 202 267
1 1771308657 32 41 61 202 412 8 64 67 117 157
1 1766335996 51 59 63 85 143 3 41 54 127 202
2 1767115986 79 81 84 122 555 8 35 53 145 157
1 1763711230 5 22 53 55 86 15 41 84 245 555
2 1766854375 25 32 51 58 103 13 29 117 120 157
1 1766857624 64 80 89 92 222 9 24 35 113 145
1 1771836505 5 26 51 61 80 1 8 21 64 92
2 1762132036 119 122 236 245 267 40 67 120 134 145
1 1770002395 6 18 35 54 111 13 67 99 121 246
2 1761355067 5 82 134 161 202 15 38 53 64 98
2 1770005981 7 201 236 254 266 35 67 99 222 555
1 1771047095 29 34 80 110 267 7 12 84 145 245
1 1769211189 17 55 59 202 412 64 81 92 103 555
2 1764494506 34 35 84 143 202 5 26 58 81 131
2 1765810487 25 39 98 99 120 43 80 81 90 141
1 1761874712 79 86 107 222 350 6 53 64 157 498
1 1764493779 7 25 27 121 498 9 17 21 99 120
1 1763708797 11 68 122 202 555 22 25 58 59 89
2 1766332409 11 54 145 157 432 8 80 107 117 236
1 1766859315 22 39 104 142 267 51 103 111 122 254
1 1763705681 19 37 58 81 82 13 15 59 238 350
2 1763188086 13 64 133 202 555 18 157 245 497 498
1 1767901937 37 202 245 266 518 4 67 80 82 117
1 1769999652 35 67 99 103 497 45 54 85 145 267
2 1762657314 16 27 120 145 268 20 122 131 202 350
1 1768689693 11 101 103 110 420 8 64 84 143 222
1 1770003476 19 99 114 497 498 38 67 154 157 267
1 1764492099 23 40 51 113 157 13 67 120 412 498
1 1769475096 24 67 142 245 350 59 61 79 157 236
2 1766852224 29 64 117 120 517 8 28 84 145 555
2 1763451676 10 60 67 142 267 35 55 122 145 497
1 1766335536 12 13 51 64 161 5 8 67 80 89
2 1762666900 55 59 75 412 498 10 51 117 121 163
2 1769739391 53 107 122 245 498 21 54 90 154 555
2 1768173129 8 78 89 90 498 36 51 64 134 432
1 1771835114 22 54 157 266 267 51 64 86 111 238
1 1760831974 54 59 96 117 157 6 81 90 121 267
2 1766330084 39 58 64 67 497 22 59 80 245 412
2 1772098791 10 18 44 55 81 5 51 79 98 412
1 1762656264 11 51 86 103 117 24 30 69 222 518
1 1771577514 53 64 82 202 238 62 91 157 201 245
2 1763189609 20 40 41 51 99 58 74 412 421 498
1 1764239924 40 55 79 81 164 113 154 236 238 432
1 1762918995 10 25 26 121 145 58 64 67 115 267
1 1766859044 11 51 55 98 267 22 40 114 163 246
1 1763714475 51 85 103 141 412 15 23 43 64 81
1 1771308048 44 64 236 238 518 10 89 99 141 222
2 1762661603 25 33 51 114 134 4 23 31 32 143
1 1762139626 34 37 64 114 145 18 84 121 131 516
1 1764761515 18 24 84 157 201 13 17 25 35 145
1 1763713168 23 43 103 107 202 17 112 121 497 498
2 1765811210 54 86 105 157 350 9 10 67 107 518
1 1762142809 51 64 99 412 420 57 82 120 238 498
1 1762135263 24 92 143 222 518 23 50 51 141 245
1 1762397599 8 64 98 222 267 11 23 67 90 111
2 1767637404 86 101 111 141 145 80 99 119 266 497
1 1764494580 8 9 161 202 555 23 53 61 245 498
1 1762395530 35 80 143 145 238 92 107 142 350 498
2 1761612477 58 103 236 267 421 2 22 99 111 164
2 1762665071 18 53 58 121 236 9 82 89 145 517
1 1770529652 18 20 55 266 412 39 40 81 131 141
2 1768695764 32 41 84 497 498 39 40 48 51 82
2 1764502601 15 30 44 58 59 8 67 111 154 157
1 1767908991 13 41 222 254 412 25 30 39 51 518
2 1762923516 7 43 236 240 517 45 51 245 246 555
2 1762920599 1 63 122 141 236 22 25 35 106 134
1 1768688802 18 23 89 103 141 22 35 84 107 111
2 1768951769 7 81 104 111 150 41 89 141 145 555
1 1766593004 58 134 141 267 498 35 67 79 157 518
2 1765811270 84 104 145 157 555 21 64 106 161 412
2 1760831727 81 90 92 254 412 8 51 59 267 518
2 1771842555 23 67 134 150 497 5 8 26 114 145
1 1767910986 40 51 64 92 103 13 41 117 121 498
2 1765802604 22 53 61 82 121 25 131 157 236 254
2 1767902541 29 61 117 121 150 4 32 68 497 498
2 1760832561 7 80 142 150 498 11 51 63 86 238
2 1762930354 12 22 54 69 101 82 141 202 238 518
2 1769220680 13 19 25 35 51 8 11 24 145 350
2 1768171455 18 105 121 122 497 64 67 68 238 555
1 1765282788 35 39 44 145 236 38 81 107 150 267
1 1771053610 30 43 58 103 222 21 25 121 122 268
2 1761345735 25 38 51 56 92 64 68 101 110 163
2 1770786020 25 29 43 80 81 92 101 104 412 498
2 1762658045 1 28 68 350 498 21 105 223 427 497
1 1762140746 13 51 64 89 92 39 53 136 203 236
2 1765549089 29 31 50 69 222 35 51 63 86 117
1 1763704876 1 9 10 12 22 16 64 122 131 202
1 1761874811 25 54 56 86 202 2 18 141 238 412
2 1762658333 50 58 61 67 121 96 142 150 254 267
2 1762922414 34 59 63 81 114 17 24 157 202 555
2 1769478407 16 45 64 80 145 78 245 432 498 516
2 1768162302 22 35 85 89 518 50 64 103 114 498
2 1762132003 45 51 53 82 254 18 99 113 122 555
1 1770268706 2 55 240 497 498 35 57 163 222 350
1 1765808476 35 64 145 246 267 15 43 92 141 517
2 1763712216 11 84 111 122 145 1 5 81 86 432
1 1765281665 4 39 89 427 498 11 50 99 114 134
2 1765545384 121 145 238 420 432 9 22 64 92 131
1 1770261093 41 82 117 145 254 25 67 104 122 157
2 1766069983 13 79 122 222 412 22 35 84 85 201
1 1767113500 35 53 114 145 238 104 107 131 222 267
2 1765287131 7 17 28 81 111 40 59 86 99 202
1 1766855148 64 122 134 222 555 12 18 35 69 114
2 1764497822 4 14 43 76 119 35 111 114 202 518
1 1765545374 18 38 98 120 350 131 145 254 267 498
2 1764759402 67 76 157 267 517 19 22 89 122 131
2 1762397134 31 45 59 63 99 38 75 412 427 429
1 1772101160 18 26 35 86 121 13 25 29 54 141
2 1765281303 64 122 157 497 498 24 39 51 74 143
2 1765287508 6 39 51 79 412 24 25 67 141 518
1 1768694553 13 22 38 121 201 24 25 45 99 120
2 1769746162 77 81 143 157 164 41 76 80 86 350
1 1766597975 18 37 75 141 157 61 67 92 121 555
2 1766589990 43 55 64 81 164 38 54 75 202 267
1 1767380433 43 54 90 236 254 15 41 64 91 267
1 1768951404 5 35 45 67 83 38 122 222 246 555
1 1769215001 86 131 245 497 498 10 25 76 91 236
2 1761877132 24 35 63 80 145 25 75 115 121 157
1 1768955308 22 45 54 89 517 8 51 60 98 236
1 1762919091 17 51 77 127 161 53 81 121 131 150
1 1766851274 7 10 67 245 555 36 51 74 80 89
2 1761354391 11 51 84 201 238 64 103 110 114 497
2 1764493302 84 86 104 106 350 24 56 81 105 412
2 1762400663 64 145 161 516 555 28 50 89 111 245
2 1764231595 9 32 51 82 103 18 56 81 86 267
1 1766329203 18 39 60 114 267 30 51 59 117 122
1 1762401728 12 18 41 59 245 22 38 80 106 133
2 1766853059 16 64 69 83 498 17 104 145 157 412
2 1769736491 11 86 145 267 268 13 63 114 141 202
2 1768694875 75 121 142 145 412 25 30 50 92 120
2 1769744400 35 55 63 75 81 33 114 131 202 555
1 1762929527 13 64 82 119 555 80 81 89 120 136
1 1770258536 17 67 89 99 141 41 55 107 111 222
1 1764234629 4 6 35 51 111 134 150 222 267 421
1 1760823526 28 82 222 246 555 7 10 98 161 498
1 1760827896 35 41 67 69 201 86 99 107 498 517
1 1766066846 64 86 90 145 497 22 35 36 103 134
2 1763187782 16 23 55 82 236 22 25 28 102 157
1 1761875299 9 48 54 67 236 99 164 222 254 555
2 1762141255 7 54 67 141 555 2 13 22 55 412
1 1761356978 13 24 50 64 202 7 122 154 498 555
1 1766336840 10 16 35 99 222 8 20 67 89 202
1 1770786222 13 25 107 157 498 10 43 119 120 555
2 1772093896 3 145 154 240 432 28 40 51 101 157
2 1766067434 22 117 122 126 245 26 86 90 236 412
2 1771837106 55 79 92 236 555 11 67 80 89 119
1 1763450707 19 22 68 84 267 25 31 67 121 157
2 1762137166 6 51 64 103 412 25 121 133 222 518
1 1768431565 22 117 122 141 238 64 86 222 268 412
1 1771835001 26 42 48 58 67 64 107 145 157 497
1 1767900224 26 51 55 58 64 6 22 45 99 245
1 1769997118 61 141 142 222 412 18 64 75 517 555
1 1772362507 67 86 103 107 117 4 58 141 202 350
1 1770786892 14 17 21 25 59 9 13 39 67 111
1 1766331575 40 64 80 105 222 22 34 82 99 121
2 1771052114 51 64 82 89 157 10 16 81 103 141
2 1766854845 16 26 102 145 266 4 74 104 117 222
2 1764756803 4 16 33 122 222 2 51 84 86 412
1 1771835866 13 28 81 122 497 3 82 104 117 222
1 1762133438 12 35 103 222 517 51 59 84 150 497
2 1768694620 8 51 53 58 141 20 92 103 236 555
1 1763442827 13 59 67 157 555 21 24 44 45 114
1 1765812369 13 64 81 111 133 5 51 53 67 555
1 1772104592 10 12 107 119 517 25 79 81 106 131
2 1770794206 6 63 64 84 157 92 141 145 497 498
1 1767905119 8 40 67 141 157 54 63 64 74 236
1 1768172148 8 15 30 31 412 74 83 107 201 236
2 1761610655 16 80 102 103 222 76 81 98 99 142
2 1766599368 17 25 84 121 236 16 33 103 133 202
1 1768435148 35 114 222 432 518 58 79 157 238 267
2 1766588640 75 202 238 412 421 51 53 64 82 245
2 1761348865 17 43 121 127 202 10 26 55 67 141
2 1768697546 11 42 81 92 497 2 7 40 67 122
2 1764233194 11 13 41 89 119 12 64 67 81 134
2 1762137880 13 26 51 238 421 35 92 222 245 412
2 1762142002 26 28 39 67 432 51 53 60 110 141
2 1764754028 13 64 99 133 498 91 111 121 145 516
2 1761873714 11 41 110 157 412 40 86 90 145 427
1 1762139187 6 9 24 110 111 7 10 119 154 555
1 1761874283 11 50 80 91 518 63 67 92 105 421
2 1768166188 25 41 45 145 203 8 67 104 238 497
2 1762663670 22 24 103 111 122 39 61 81 98 154
2 1770793035 18 50 68 236 254 26 58 81 103 141
1 1766332572 4 54 89 92 202 51 64 86 117 245
2 1762667589 8 51 141 222 267 36 40 126 157 236
2 1771832717 13 53 58 121 236 11 29 54 81 412
1 1762399135 43 121 122 157 498 18 64 117 145 266
2 1765813959 2 50 111 141 222 12 64 114 202 245
2 1769479681 7 32 41 53 67 84 120 202 497 498
2 1762922222 24 45 145 150 267 35 63 103 114 202
1 1764233546 25 81 134 141 150 7 8 43 57 119
2 1766861557 16 51 84 121 157 30 67 91 98 412
1 1770792519 8 57 63 107 236 64 81 83 111 157
1 1772103688 18 64 67 99 157 2 48 57 81 101
1 1764229162 25 41 81 91 245 15 30 58 115 131
2 1763449959 28 37 81 92 238 51 54 60 86 412
1 1766336302 23 53 145 157 245 25 58 90 421 498
1 1767903753 41 64 99 145 157 5 40 68 81 134
2 1769216825 24 25 45 236 245 2 8 40 51 58
1 1766860820 19 22 24 74 267 25 51 79 92 238
1 1770002671 45 51 59 80 143 9 64 91 133 498
2 1766596338 45 51 59 120 555 16 35 86 105 202
1 1764232512 25 63 80 145 245 10 121 238 350 498
2 1766857464 51 59 90 112 412 13 54 67 245 497
2 1761609151 15 38 58 117 203 35 92 134 222 267
2 1764498142 13 64 67 103 412 35 90 98 145 497
1 1769212316 60 117 150 222 238 22 64 68 432 517
2 1766595341 18 43 64 122 145 23 56 79 99 222
2 1768169977 102 157 236 497 498 10 40 48 51 61
1 1764500289 21 121 157 266 432 17 64 91 201 222
1 1770261292 39 64 145 157 432 11 51 68 80 111
1 1772356798 17 18 67 143 254 8 20 45 111 498
2 1762132398 41 121 350 498 517 30 43 58 67 134
1 1762136417 119 127 203 267 516 31 44 99 110 245
1 1770261116 9 61 114 145 267 103 121 266 412 498
2 1770001701 16 56 64 98 202 60 145 150 238 555
2 1769735542 2 74 103 111 498 18 79 145 157 412
2 1767904032 12 58 67 157 254 80 86 105 202 350
2 1772360495 51 111 141 157 238 64 67 69 81 555
1 1762658275 28 51 53 58 112 15 24 69 105 267
1 1769472428 18 24 25 114 134 13 44 51 59 84
1 1771571435 18 103 150 154 555 29 39 45 145 497
2 1766328583 7 11 18 75 412 25 29 83 201 254
1 1767117777 24 39 141 497 498 25 82 91 107 222
2 1761345821 43 69 80 81 92 10 39 51 59 267
1 1764500327 11 53 57 67 245 22 59 75 89 99
1 1762135817 20 22 86 90 267 2 51 99 154 517
1 1767645163 26 92 99 110 154 43 45 54 75 81
1 1762930231 14 15 60 412 498 51 82 105 121 497
2 1764235681 61 82 114 236 412 18 51 59 141 267
1 1768171357 17 51 53 76 238 79 122 202 245 555
2 1762140436 35 51 53 74 134 8 55 64 202 412
1 1768950713 28 64 67 119 201 68 141 145 157 267
1 1765543318 23 25 107 142 145 13 37 64 161 222
1 1771045002 40 64 86 134 145 24 53 81 142 555
1 1766858220 22 29 86 245 267 17 28 119 131 201
2 1762657153 35 43 45 81 86 50 67 119 134 266
1 1766067464 64 78 90 236 267 7 43 81 92 120
2 1766591225 26 28 54 145 266 4 8 25 35 51
1 1771045599 15 25 43 83 254 51 89 121 141 142
2 1762925614 5 16 51 99 122 18 20 105 114 412
2 1767906824 81 92 121 157 350 84 164 222 245 267
1 1765541142 16 83 141 498 518 22 51 61 67 555
2 1762925035 30 43 84 117 240 61 236 245 412 518
2 1760824736 39 92 236 254 412 40 67 157 268 427
2 1765547957 17 254 268 412 498 40 67 78 86 134
1 1772103070 64 67 114 142 143 79 86 89 103 222
1 1762398830 13 33 150 222 555 7 25 36 51 98
2 1764497494 5 16 122 131 498 4 56 60 67 267
1 1766589728 22 39 85 117 427 3 10 64 89 119
2 1767116809 13 22 53 86 254 57 80 99 498 555
1 1770007318 1 51 67 245 412 10 18 35 50 111
1 1767114722 13 92 120 201 236 41 64 67 103 350
2 1767118195 3 10 18 121 267 9 17 53 105 119
2 1766329883 18 24 25 41 103 107 111 119 121 142
1 1771577388 28 86 91 350 555 112 119 141 238 497
1 1764238039 28 81 103 266 267 13 64 83 498 555
2 1762401907 43 85 104 145 157 55 64 114 497 498
1 1762398205 10 111 145 245 246 59 89 105 202 420
1 1765811239 61 111 121 122 145 10 29 67 115 117
1 1762921819 23 107 145 163 555 7 16 17 36 67
1 1766067377 41 51 99 120 555 34 37 80 145 203
2 1767901998 25 64 86 119 555 24 56 67 99 267
2 1762133704 23 76 89 103 202 6 19 22 238 267
1 1767382920 86 91 117 119 245 7 18 64 133 497
2 1761357078 22 32 41 80 267 36 81 114 143 517
1 1771054803 10 11 63 84 236 64 81 82 157 412
2 1761354225 107 122 127 222 412 53 121 133 145 157
1 1766595450 8 64 99 246 498 58 105 145 163 555
1 1763450097 18 24 154 267 517 25 67 77 92 157
2 1771308029 7 10 36 51 267 40 64 67 86 134
1 1761614366 22 40 92 112 121 8 35 81 161 432
2 1771051832 25 30 39 83 236 13 75 80 81 497
2 1761878900 59 98 115 266 412 12 31 77 81 111
2 1762135742 84 86 111 122 145 13 60 157 236 412
1 1762134733 16 51 54 142 421 26 29 40 120 122
2 1767118124 8 51 53 59 62 10 24 64 111 222
2 1766853168 4 15 64 114 555 6 8 107 236 412
1 1762930020 31 32 67 134 412 4 11 54 98 110
2 1763710098 7 8 16 64 222 9 31 80 120 202
2 1766860485 8 35 67 117 163 24 51 54 115 412
1 1770267912 5 6 18 53 103 75 105 110 117 121
2 1772366128 18 34 85 141 412 13 21 53 59 518
2 1766069914 13 24 117 238 254 21 33 43 55 164
2 1767906470 2 8 51 53 77 22 76 111 517 555
1 1764500757 25 90 145 154 420 4 40 81 106 421
2 1767910543 60 85 134 222 432 31 79 99 141 236
1 1763180637 22 38 59 90 497 64 68 96 117 238
2 1761347581 8 14 24 236 412 9 114 202 427 518
2 1771840830 38 81 107 117 164 10 51 53 59 238
2 1764758538 5 103 202 236 267 41 51 141 245 412
2 1764491293 36 54 145 157 497 64 81 90 122 267
1 1763449334 17 45 56 145 350 1 28 30 51 267
2 1763448008 15 39 79 86 223 13 53 141 157 236
1 1762924023 103 133 145 421 555 43 64 90 119 142
1 1760827743 51 64 117 122 131 39 40 84 141 145
2 1763448553 41 103 254 498 518 24 61 117 122 202
2 1764761893 4 29 86 89 145 35 64 69 111 236
1 1761619563 17 21 28 99 412 81 92 121 517 555
2 1763451838 31 61 86 120 350 18 45 53 122 141
1 1765802096 17 32 40 145 246 13 18 72 122 412
2 1762665482 23 84 163 201 236 51 90 92 111 120
2 1761875528 29 114 117 245 517 61 92 222 254 267
1 1765542474 6 28 145 238 267 13 64 75 86 236
2 1761608262 40 59 81 122 157 51 54 83 105 555
1 1770786223 17 26 104 111 236 40 64 92 103 222
1 1767904607 21 26 86 121 555 12 75 81 104 142
2 1762921709 26 28 86 99 555 18 22 114 267 517
1 1767907968 22 29 58 236 412 67 77 86 117 157
2 1763191641 18 22 54 80 412 58 72 90 117 145
1 1763183215 55 68 107 497 498 11 22 26 74 133
1 1766065333 5 45 122 145 497 35 63 69 110 114
2 1764754697 35 77 115 429 555 13 33 98 99 498
2 1768425276 60 61 84 111 498 32 143 157 222 517
2 1768951839 23 117 157 223 498 1 11 25 51 98
2 1766856579 21 30 64 157 238 54 103 114 498 555
2 1765810454 42 83 99 145 245 121 134 164 267 498
2 1769997819 60 81 84 99 122 39 64 110 150 267
1 1765281396 29 45 143 164 202 67 84 111 121 145
1 1768958379 11 67 82 117 133 2 22 25 121 145
2 1766329790 4 59 133 267 498 39 86 120 412 429
2 1768162034 44 57 61 81 121 16 41 145 245 497
1 1768427648 69 74 99 113 245 42 55 59 79 145
2 1770270088 41 63 81 134 141 7 24 25 64 222
2 1770523718 18 34 41 64 201 21 32 84 114 412
1 1769735971 56 86 145 157 267 58 64 84 412 498
2 1769735786 13 26 58 145 421 56 67 86 117 245
2 1765277807 21 41 101 121 412 80 103 141 143 145
1 1770785145 9 60 81 267 420 7 31 53 64 145
1 1760823362 38 67 119 141 412 7 25 84 121 202
1 1768688656 25 86 102 119 412 51 64 98 111 134
2 1763705226 8 43 51 104 157 22 81 84 141 267
2 1763716112 40 67 106 122 238 35 41 105 222 412
2 1768690163 8 77 84 99 222 18 22 69 121 143
1 1763708585 8 43 107 112 202 10 19 86 145 555
1 1769482055 54 58 157 222 412 8 67 117 141 238
2 1764491307 22 55 81 99 120 89 121 134 157 498
2 1770003435 58 112 236 245 412 4 8 43 51 77
1 1762395560 11 43 81 92 267 22 64 133 245 412
1 1769212608 7 79 238 429 555 51 59 86 103 117
1 1766596240 13 16 58 202 427 9 32 74 222 555
2 1762139854 18 35 74 122 412 24 41 50 145 238
2 1762929634 18 22 41 56 223 35 38 80 145 412
1 1763444424 10 11 79 85 145 7 51 102 117 122
1 1764755417 20 24 99 222 245 29 40 76 92 105
1 1771575702 59 67 103 222 267 37 64 84 122 202
1 1771575992 86 101 117 141 145 18 24 69 75 267
1 1764499922 39 54 58 99 432 53 84 121 157 236
1 1764231763 10 22 64 246 412 18 35 99 111 134
2 1768429618 9 39 43 51 105 53 64 67 98 103
1 1767380661 32 81 86 111 266 29 33 122 268 497
1 1767648150 16 67 75 80 105 10 25 81 203 268
2 1763708908 15 53 56 86 518 51 61 64 92 267
1 1770785293 24 42 54 222 267 79 81 89 92 420
1 1766599833 8 31 56 143 161 19 40 86 112 119
1 1767637092 32 122 142 498 555 85 98 121 222 238
2 1761615862 11 25 51 83 99 7 9 13 67 72
1 1762135723 53 58 134 236 254 6 136 201 245 498
2 1761612905 69 78 81 120 267 5 13 63 67 117
1 1763188291 7 53 141 145 240 12 78 81 134 254
1 1766334984 24 63 92 145 238 1 32 54 110 111
2 1767646473 41 51 89 103 254 18 22 53 58 64
2 1766595931 15 32 86 127 412 11 17 34 67 89
2 1766332010 25 75 79 103 145 3 67 84 107 412
2 1769736775 13 22 26 114 427 32 41 51 112 412
1 1762134203 39 60 122 222 412 8 40 41 67 141
2 1770790865 1 10 35 51 267 15 24 111 157 201
2 1765546523 54 77 84 222 350 64 111 114 202 518
1 1771841643 23 25 28 51 101 9 22 90 114 141
2 1771580348 4 23 51 121 412 80 84 110 117 120
2 1764498768 16 22 28 74 131 84 134 222 254 267
2 1765549103 24 40 103 145 157 18 26 75 238 517
1 1760830990 23 81 90 99 141 35 63 86 145 157
1 1763447884 51 99 120 122 142 32 53 67 90 266
1 1761356288 17 18 35 131 267 80 91 141 222 412
2 1762663398 16 92 121 202 517 22 35 114 157 201
1 1763709269 13 45 64 67 420 86 104 112 497 498
2 1764760607 13 53 58 64 222 1 4 145 240 267
1 1770783658 12 28 58 119 122 75 157 254 267 498
1 1764231193 53 84 143 236 421 7 16 35 145 150
2 1770265744 36 63 119 122 518 8 37 120 236 240
2 1766588929 13 25 76 145 518 55 59 67 84 117
1 1760829673 64 67 143 238 516 6 36 53 63 222
2 1763182431 50 67 86 121 498 64 90 107 110 412
1 1770262537 8 64 69 145 350 22 35 37 78 84
1 1771056019 22 111 164 238 245 6 10 81 102 142
1 1767376101 20 23 43 74 103 59 84 145 266 267
1 1768432546 14 90 154 236 427 8 54 142 498 555
1 1771841959 41 64 103 145 412 51 62 99 122 238
1 1762401695 24 43 61 98 202 13 51 79 83 117
1 1766066326 21 30 40 64 157 32 68 222 238 267
2 1769212356 51 76 90 157 555 32 67 98 103 122
2 1768427236 13 41 51 141 518 50 84 92 104 119
1 1760828018 64 222 246 266 555 13 41 62 145 412
1 1760828499 38 81 85 99 202 3 68 119 141 555
1 1762924447 18 27 39 40 154 53 76 81 136 240
2 1766860284 2 51 92 163 350 25 64 75 202 518
2 1762923805 22 61 121 143 350 76 111 114 145 238
1 1762923013 24 32 99 157 202 56 75 110 142 412
2 1760831323 24 43 55 82 202 25 58 105 121 236
1 1766065087 11 18 81 86 497 10 35 39 51 267
2 1764230478 18 53 92 104 238 24 69 76 81 350
2 1760821888 39 81 107 134 412 5 53 58 80 236
1 1764498169 2 69 114 161 222 7 25 51 60 67
1 1766594926 22 34 44 75 106 2 61 92 99 119
2 1764498907 51 55 64 75 350 25 35 103 126 236
1 1764497843 10 22 40 59 157 8 64 122 202 432
1 1769473686 7 23 56 86 350 12 75 222 245 254
2 1771577919 24 45 85 236 412 18 105 106 201 240
1 1769211534 1 22 24 43 77 40 64 134 154 222
1 1762141207 4 18 64 89 157 21 31 53 121 555
2 1760827861 2 22 24 111 238 9 31 127 201 236
2 1766069735 6 12 18 56 245 33 41 145 157 267
1 1762925111 22 28 131 246 267 43 51 80 99 266
1 1763712127 11 42 67 75 267 28 62 236 246 412
2 1763191840 6 19 35 111 498 8 54 110 122 141
2 1770005326 11 78 111 238 498 21 64 103 240 412
2 1763708610 5 25 67 136 157 29 37 63 82 222
2 1770790661 35 63 222 268 517 10 45 51 245 412
1 1768424358 11 27 51 131 412 21 54 133 141 238
2 1763715914 11 18 35 83 268 5 38 51 82 412
1 1770784937 18 29 84 86 555 10 44 121 145 161
2 1762925141 2 35 91 145 350 10 18 59 131 555
2 1765543492 18 24 28 99 236 41 51 120 246 267
1 1770006853 11 24 67 84 412 25 64 82 145 238
2 1764237682 16 54 80 121 145 38 81 122 245 267
1 1768950578 13 51 117 161 421 10 37 64 157 222
2 1766067348 10 22 79 86 412 9 13 201 236 246
2 1771047020 13 37 51 75 77 34 62 107 497 498
2 1761349990 9 90 119 121 238 76 81 122 202 267
2 1761876242 35 63 142 150 412 50 51 80 99 120
1 1761876123 5 51 75 517 555 22 41 127 245 412
2 1761610100 51 58 80 103 555 22 64 74 117 126
1 1763448341 119 121 161 267 420 39 43 81 107 518
2 1767910672 17 20 99 145 267 24 34 53 81 163
2 1764239950 18 42 86 121 350 30 35 164 412 498
2 1768163089 81 86 115 120 350 10 53 64 91 119
2 1768161943 4 64 114 117 236 18 53 78 150 246
1 1762657931 9 13 145 157 245 30 80 121 150 555
1 1770261446 29 54 61 114 267 67 157 163 266 350
1 1764762422 64 86 145 267 518 39 51 54 61 412
2 1760823734 24 38 121 222 412 5 13 14 111 202
2 1762921766 11 98 117 236 268 38 58 111 157 245
2 1770529114 8 31 64 134 432 122 141 202 245 267
1 1762923234 2 16 29 64 246 10 59 67 74 267
2 1765540529 20 39 103 145 267 24 51 58 99 105
2 1763190559 55 86 101 145 245 19 58 134 497 498
1 1766066961 5 21 122 238 412 13 19 111 131 222
2 1770529906 56 61 89 122 236 7 51 82 121 161
1 1764240561 1 2 3 8 134 45 58 62 81 245
1 1762140520 11 98 111 115 222 17 22 141 143 246
1 1761345784 9 22 55 91 412 8 25 62 68 145
2 1765802322 33 58 69 157 555 59 86 145 238 497
1 1761607847 32 58 67 112 161 59 64 105 236 555
2 1771836800 13 81 121 127 432 24 54 145 157 555
1 1769475535 13 41 43 51 64 5 25 81 240 268
2 1766331836 11 84 133 236 412 18 86 99 121 432
1 1764496755 69 86 98 201 236 17 21 64 412 517
2 1763714593 53 119 120 122 127 18 25 58 59 111
2 1763191118 15 16 41 79 103 22 24 34 63 114
1 1770791039 4 56 85 99 143 25 64 105 110 114
2 1764493916 48 81 89 120 134 8 53 145 245 420
2 1765549046 59 67 69 143 266 22 30 58 99 111
2 1766861794 25 60 67 236 555 22 54 99 121 122
2 1767903137 4 22 117 120 420 2 81 85 89 161
1 1763710495 25 39 105 121 236 18 19 122 142 350
1 1764240675 10 31 64 412 498 20 25 51 142 238
1 1766590164 53 81 90 102 516 8 64 89 122 202
2 1771834022 10 67 141 497 498 13 27 89 121 202
1 1766853211 13 51 86 254 555 8 58 106 150 350
1 1770004154 84 141 145 157 497 26 30 101 121 131
2 1763709805 48 55 67 107 350 39 54 120 222 412
2 1767378063 8 23 54 429 518 29 39 63 122 245
1 1765545909 7 82 222 421 432 18 81 120 133 412
2 1768687810 69 81 82 84 111 41 55 120 145 267
2 1765285828 5 38 81 143 240 55 64 67 114 201
1 1764230747 25 86 238 245 498 10 64 157 236 432
1 1770788046 61 122 145 245 412 58 136 202 432 517
2 1767907765 18 51 105 120 412 43 59 75 91 236
2 1770006516 35 78 99 145 157 51 64 92 131 497
1 1766588867 28 84 92 497 498 21 40 102 157 420
2 1764231231 18 54 86 99 412 35 67 238 420 497
1 1761870202 43 104 161 202 267 55 92 145 517 555
1 1764761930 36 38 121 143 222 28 117 126 145 246
2 1767644267 4 29 43 99 240 13 45 104 119 497
1 1767648028 92 157 163 412 498 4 22 59 267 517
2 1761615893 2 25 51 83 90 13 37 86 127 202
1 1770265554 22 35 84 412 517 31 107 111 245 498
2 1769213054 4 35 40 86 202 8 22 53 120 518
1 1765288480 13 15 58 77 111 61 64 236 412 429
1 1766853965 28 86 117 122 145 51 54 105 120 412
2 1764764795 24 35 67 78 99 18 86 111 141 145
1 1768172753 22 24 25 58 103 9 29 86 134 141
1 1772366961 75 103 117 121 202 10 11 25 67 84
1 1768424579 13 76 145 157 412 7 64 81 82 555
2 1763443041 1 4 80 107 432 7 11 53 67 98
2 1766336082 4 25 35 114 145 8 51 64 98 99
2 1768433388 24 58 96 99 142 22 56 82 89 143
1 1770787605 22 64 90 122 555 6 51 69 80 412
1 1762664605 51 64 115 150 412 13 78 142 202 238
2 1768173080 8 9 67 80 517 13 74 104 222 412
1 1768434530 22 69 82 117 254 13 51 56 80 555
1 1771831463 24 51 80 112 143 16 19 81 117 122
2 1771842977 121 134 222 266 555 35 67 84 145 412
2 1767113270 10 25 59 145 267 7 17 40 254 498
1 1768429031 53 83 84 141 498 103 120 145 150 412
1 1769216464 18 104 117 161 240 8 25 35 58 145
1 1772362390 32 74 96 103 201 13 40 41 59 236
2 1762657881 24 141 201 236 518 16 81 90 122 163
2 1769734216 25 68 157 222 245 22 43 86 120 127
2 1764233274 25 51 58 80 103 21 24 99 141 497
2 1761618416 20 99 110 240 267 3 25 35 39 51
1 1766861414 51 82 105 245 412 9 90 120 238 498
2 1770002377 40 85 110 120 134 7 18 69 121 267
2 1766852917 48 111 222 238 420 7 64 82 89 236
1 1768171822 74 111 122 157 254 1 27 51 53 57
1 1769745096 45 59 84 145 555 10 111 112 141 222
2 1762394654 35 39 40 202 245 4 80 89 164 222
1 1772099158 59 67 75 134 432 115 236 245 267 420
1 1762139967 67 84 238 245 518 24 61 91 92 106
2 1762140191 22 43 61 64 266 12 51 59 122 142
1 1766861318 35 61 92 222 497 16 56 117 145 268
1 1760832102 8 26 64 202 517 18 54 55 122 267
1 1765545086 25 36 99 107 498 18 39 64 117 164
1 1769221475 12 18 80 154 266 8 11 157 222 350
1 1768951656 22 64 84 111 114 39 76 98 99 145
2 1764761540 3 25 64 67 131 75 86 91 143 236
1 1760826264 58 103 104 119 412 8 38 53 64 145
1 1762923181 15 69 83 101 141 41 55 79 119 350
2 1770791046 31 81 254 267 517 6 64 99 412 498
1 1771575431 10 21 68 245 555 39 54 110 114 412
2 1762919660 74 122 236 350 517 18 69 72 92 117
1 1767376653 18 37 81 99 517 56 85 127 145 412
1 1763184857 74 81 90 104 157 10 43 45 67 427
2 1762398847 18 31 113 117 236 3 6 89 110 141
2 1772103371 22 33 86 99 117 38 79 145 157 412
2 1764240626 10 18 51 60 497 7 35 58 81 412
2 1766337996 8 79 81 84 350 4 17 53 64 202
1 1769999570 45 99 141 236 240 13 16 81 223 517
2 1770004710 50 64 236 246 266 61 126 145 421 555
1 1762927784 3 63 81 82 154 2 7 53 67 145
1 1766065426 8 117 157 222 268 22 24 33 111 236
2 1762921847 10 51 154 427 518 15 80 90 157 555
2 1769210130 82 113 117 222 246 25 41 141 202 555
1 1770521688 32 51 516 518 555 18 105 111 120 157
1 1762399190 7 19 22 92 111 24 61 81 114 117
2 1761609517 22 34 40 64 420 67 107 114 157 267
1 1767640384 17 22 157 254 412 9 28 54 81 202
1 1764233454 51 58 69 80 111 7 16 39 79 222
2 1762930100 8 39 63 154 202 18 24 26 64 412
1 1762396774 25 55 67 119 245 18 35 134 202 350
2 1766592870 64 81 91 245 412 8 35 201 236 266
2 1762134868 25 51 86 102 142 7 22 24 26 35
1 1766594527 64 81 86 111 245 11 22 38 266 350
1 1762396444 51 86 105 245 555 17 45 55 56 58
2 1766852034 25 38 51 77 83 13 21 40 240 421
1 1771833683 13 30 56 81 111 15 89 92 120 222
1 1771572873 11 45 79 81 240 54 67 82 238 412
2 1767906868 29 55 92 141 350 69 81 245 267 421
1 1766334078 33 51 53 61 126 41 43 56 157 236
2 1769480753 25 26 30 84 222 117 121 134 420 498
2 1763190218 6 22 63 64 518 29 74 117 202 555
2 1760822146 25 41 76 134 145 29 57 60 99 111
1 1771570589 64 103 122 145 412 2 41 61 81 518
2 1767381382 19 69 89 92 202 67 75 105 254 497
1 1769740744 13 245 266 412 498 8 50 121 145 267
2 1765282176 15 56 114 245 350 32 53 55 81 84
2 1769218687 67 69 86 121 497 22 40 76 115 246
2 1764501159 45 60 91 117 222 17 22 50 106 238
1 1772364429 13 40 145 164 238 9 25 51 58 127
2 1763715964 35 63 86 145 555 11 157 266 497 498
1 1772102900 1 35 150 497 498 50 67 75 103 104
1 1764763501 39 51 154 163 412 7 11 29 516 555
1 1761618011 38 51 59 64 133 105 126 145 246 432
2 1765808080 9 13 39 145 267 1 10 22 40 64
2 1761617238 157 236 238 412 517 8 22 35 111 133
1 1760830859 22 67 79 350 421 25 40 51 121 420
2 1767910911 22 45 141 236 412 75 103 222 245 555
1 1766853854 13 53 64 101 498 5 40 103 122 202
1 1763188094 84 120 236 412 518 39 50 51 55 121
1 1762132304 35 38 40 145 157 105 107 111 122 202
1 1764758861 43 51 80 122 517 8 35 81 143 498
1 1762660296 5 13 24 201 498 35 54 110 122 267
1 1769475921 35 81 86 131 245 17 18 64 89 91
2 1760828583 24 35 54 119 412 26 64 75 145 157
1 1761348863 9 39 145 157 245 31 35 90 143 202
2 1761611060 31 84 98 119 120 54 78 104 202 518
2 1764761003 11 21 81 115 240 25 30 35 119 420
1 1767905314 30 60 67 86 143 16 29 61 114 222
2 1762402093 50 51 62 78 141 43 101 145 157 245
2 1767113362 29 41 60 142 412 75 111 121 145 157
1 1761345929 92 99 102 110 238 58 119 245 412 421
2 1762919190 62 75 81 99 163 7 53 64 67 86
2 1770259965 21 99 143 254 420 35 98 133 202 497
2 1764493751 24 98 157 202 350 35 40 51 82 246
2 1768429741 23 61 89 222 254 39 51 201 240 245
2 1766333973 58 163 222 245 412 10 21 32 91 497
1 1763451025 53 58 103 222 254 10 45 51 89 141
1 1768163054 4 24 266 412 498 18 54 117 240 268
2 1766854760 31 117 121 145 246 8 51 113 119 267
2 1767646497 35 51 55 58 111 56 75 222 245 555
1 1771055592 38 64 75 202 412 2 45 51 67 89
1 1771571915 4 64 81 157 412 107 111 145 150 238
2 1762136344 22 25 59 127 133 18 82 99 142 154
2 1766852105 22 64 105 122 412 12 51 81 120 240
2 1762400530 24 51 106 111 238 2 85 103 412 429
1 1761609034 6 59 99 127 222 8 25 81 133 141
2 1763181156 90 114 120 267 498 22 59 99 150 432
2 1764761099 82 202 246 350 517 39 58 117 145 245
1 1760829992 58 120 136 145 555 59 86 111 119 157
1 1767645871 38 92 141 201 236 39 60 111 122 145
2 1767909285 30 84 99 114 119 51 64 80 150 267
2 1764239334 5 8 40 127 145 58 60 81 99 350
2 1770532415 7 58 81 107 267 13 121 202 238 350
2 1768170288 81 86 99 120 201 38 41 89 107 119
2 1770520791 67 91 111 154 222 51 55 60 150 412
2 1766861367 8 53 76 92 119 17 86 99 121 350
1 1768426849 22 35 54 115 154 43 44 64 145 267
2 1761614523 28 45 67 84 350 60 76 92 143 145
1 1769482090 16 51 55 86 106 41 80 99 103 119
1 1765280772 6 54 157 236 427 33 67 103 114 497
2 1765544971 22 56 78 127 412 16 84 106 141 498
2 1768432213 15 39 53 75 154 6 35 145 157 412
1 1762139927 27 29 35 91 117 21 38 51 58 106
2 1772103409 61 67 75 77 518 10 13 22 80 111
1 1765543986 5 84 119 157 555 1 18 53 64 80
2 1766067660 7 24 121 145 350 22 55 104 114 412
1 1765803558 12 18 41 121 238 55 86 141 150 350
2 1770524250 36 141 145 238 267 32 51 99 103 114
2 1763182396 48 67 254 268 555 18 40 54 157 236
1 1761614452 61 104 107 427 555 35 63 164 246 498
1 1771576307 13 51 121 350 420 61 80 111 157 202
2 1762131997 10 64 117 131 145 51 60 80 91 497
1 1768690114 40 126 145 157 421 41 77 134 222 267
1 1768954158 31 53 64 99 236 33 201 266 498 518
1 1765282078 50 61 72 150 236 55 92 111 141 145
2 1766066483 41 60 67 222 497 8 43 62 202 427
2 1768688960 7 30 80 157 267 64 103 122 236 555
1 1766856150 81 105 114 245 267 29 34 122 141 412
2 1761613507 3 34 51 59 86 22 24 38 54 64
1 1770791602 64 99 202 223 555 41 63 86 222 254
1 1765802953 8 31 51 59 92 10 67 84 89 102
2 1762140225 6 22 50 72 90 35 86 110 245 420
1 1770792471 31 82 103 412 498 24 80 81 267 517
2 1767900026 64 92 110 117 238 7 22 25 78 104
2 1762134778 15 25 55 114 245 16 23 56 67 157
2 1762920704 81 92 245 518 555 18 20 33 497 498
1 1765285549 28 78 80 117 119 53 92 107 115 236
2 1767908812 7 82 102 236 412 10 32 43 55 222
1 1767648053 17 141 157 222 412 20 40 41 67 518
1 1765548235 8 85 121 222 555 24 51 58 89 115
2 1762138213 51 84 121 266 432 11 15 91 111 350
1 1770530163 81 84 161 238 246 23 43 141 145 268
2 1761872191 11 13 26 58 202 19 22 86 117 134
1 1765550068 4 16 81 121 150 58 141 143 145 157
1 1760827620 61 64 202 266 555 119 121 238 412 516
2 1762404428 7 92 145 154 497 9 103 122 245 498
2 1761353042 58 63 99 154 202 26 115 122 236 427
1 1763705033 64 67 92 101 157 39 41 50 51 76
2 1766858555 28 69 122 223 498 13 35 89 131 222
2 1769218111 22 85 238 412 517 7 51 86 90 254
1 1771307547 13 33 202 238 267 22 120 164 412 518
2 1764500782 37 41 45 81 245 35 51 90 142 555
2 1761871158 91 114 121 412 429 13 36 64 81 497
2 1762923065 24 59 86 157 350 11 55 92 222 267
2 1767116901 5 7 24 40 51 39 114 202 245 555
2 1760831954 13 55 64 67 555 12 18 30 85 141
2 1765544241 15 24 25 39 45 51 91 101 107 412
2 1765540909 13 64 80 145 267 7 8 11 81 412
2 1766590573 8 104 110 126 201 64 81 105 222 497
1 1762404311 40 67 75 105 120 89 145 157 498 518
2 1762922022 51 82 238 245 412 21 32 103 114 497
1 1761872939 24 32 81 112 267 119 164 203 412 518
2 1761354388 8 35 36 53 81 13 22 41 56 89
2 1772362198 11 25 45 240 498 10 63 81 142 254
1 1769476971 58 60 238 412 498 64 89 92 105 145
1 1771054437 18 24 41 111 127 59 62 67 69 99
2 1762404813 22 57 142 245 555 35 51 63 240 266
1 1761610555 29 45 75 111 145 24 42 64 99 202
2 1763442719 16 51 92 103 246 7 17 53 427 498
2 1764758089 40 64 92 222 245 10 22 33 114 412
2 1770259279 13 22 107 143 238 23 51 60 90 267
1 1763447615 35 61 86 141 429 18 28 31 143 518
1 1762921358 12 24 32 51 103 39 54 131 222 555
1 1769211999 32 40 51 82 101 16 39 104 246 498
1 1764493176 86 91 111 141 145 23 64 236 245 555
1 1762919581 48 101 142 236 240 58 59 145 432 518
2 1765283150 2 22 57 92 245 3 9 13 64 236
1 1763713460 31 62 157 497 498 20 22 44 50 517
2 1767383903 14 55 63 64 222 56 67 86 99 238
2 1767374933 1 67 99 104 240 8 22 27 120 267
1 1772094153 25 53 126 202 254 22 26 64 143 238
1 1766853615 67 72 101 157 498 22 30 86 141 432
2 1767641703 17 81 131 245 350 24 67 80 117 142
2 1769738184 64 82 91 497 498 76 80 122 145 412
1 1761877944 13 67 76 99 267 35 92 268 497 498
1 1763182539 31 35 51 55 267 54 89 126 245 498
2 1767647268 60 80 142 497 498 39 67 350 427 518
2 1766069755 61 82 119 120 412 9 80 112 497 498
2 1768168242 10 33 89 163 236 4 39 40 61 121
2 1761349415 6 59 103 145 350 22 64 86 267 268
2 1767641415 67 80 105 117 267 64 81 84 240 412
2 1765280342 53 75 103 236 421 10 11 67 91 350
2 1770526487 81 115 154 240 267 64 74 92 145 412
1 1763442769 53 64 86 103 498 14 74 81 203 267
2 1770787100 18 40 83 121 127 41 51 64 111 245
1 1766594603 22 40 64 98 103 26 27 141 412 498
2 1764500362 24 81 99 254 497 7 21 50 111 245
1 1762659198 16 59 61 82 498 5 53 86 236 246
1 1761346694 8 40 154 157 222 28 90 110 122 412
1 1771572615 16 22 39 120 122 18 64 145 240 555
2 1764498351 51 58 89 101 121 29 55 75 111 245
1 1768429681 30 51 89 131 420 81 103 122 141 555
1 1763188338 8 23 29 51 89 39 113 142 236 267
2 1766859111 4 23 86 236 555 13 51 80 111 240
1 1766859534 13 18 33 86 89 91 92 101 121 222
2 1763450923 12 77 101 114 145 16 29 81 117 122
2 1764502434 63 67 99 427 497 6 25 38 121 145
1 1767644483 25 36 51 99 121 17 27 81 91 427
1 1768954770 55 58 117 145 421 26 63 67 121 266
1 1760828417 122 154 157 236 555 20 34 51 54 412
1 1769744930 58 61 77 412 498 25 51 64 84 157
2 1762667131 21 45 58 120 161 81 92 134 163 412
1 1772365443 20 41 145 267 518 28 92 111 202 238
2 1763185066 41 54 202 432 517 56 81 86 245 350
1 1761611351 59 75 84 145 267 8 13 25 64 81
1 1764492304 17 35 37 119 157 25 39 51 114 121
2 1767905722 13 22 59 117 134 35 41 90 111 236
1 1762139409 13 103 111 203 498 4 98 102 145 555
1 1772094831 8 29 92 222 412 35 67 114 245 267
1 1772101323 39 99 117 202 254 17 54 69 81 555
2 1769480505 2 157 202 246 497 20 53 85 245 498
2 1770269333 31 51 92 111 245 9 11 23 81 99
2 1771831307 26 41 81 84 121 8 64 238 350 498
1 1768424872 8 9 86 222 245 43 55 64 81 114
2 1770258455 61 67 78 117 245 25 34 41 64 222
1 1769737123 16 32 51 134 157 39 90 145 163 555
1 1768171276 22 80 98 163 497 110 111 120 134 238
1 1770263244 90 141 266 267 498 25 37 81 150 154
2 1766334497 16 51 80 107 238 30 92 201 236 518
2 1762924647 56 62 80 90 222 10 24 81 84 89
2 1764500598 24 53 90 92 145 13 63 104 202 420
1 1766594107 25 45 51 77 92 13 75 99 222 254
1 1767908258 5 25 83 86 222 10 67 102 103 161
2 1770789793 18 39 59 61 412 60 105 111 145 266
1 1770785596 22 35 60 164 245 39 105 120 497 498
1 1763183969 22 38 58 60 111 64 67 92 103 497
1 1763706524 6 64 99 111 145 5 17 51 91 350
2 1763711148 7 31 53 121 145 22 50 67 106 157
1 1769214315 11 63 150 236 266 64 81 114 412 517
1 1761618114 22 99 103 113 420 24 61 141 236 412
1 1766599091 2 22 40 84 266 13 64 86 111 145
2 1766862241 25 51 103 121 516 40 55 64 164 236
2 1772096773 55 120 164 236 350 26 67 89 98 246