2 1762131971 9 11 53 58 81 106 114 131 268 412
1 1767899141 7 8 245 497 498 10 36 99 105 119
2 1771831307 26 41 81 84 121 8 64 238 350 498
2 1768685580 5 54 90 497 498 38 41 48 51 89
1 1762394131 13 24 51 56 63 25 78 134 141 202
2 1762131997 10 64 117 131 145 51 60 80 91 497
2 1766850590 51 60 75 99 112 3 17 101 141 236
1 1769472032 25 45 67 145 254 86 117 141 236 238
2 1766588451 39 142 145 236 267 25 45 114 154 202
1 1771831333 13 21 56 58 89 55 104 145 420 555
1 1760821290 8 59 67 81 143 18 20 26 103 222
2 1769472050 14 81 121 238 412 64 111 112 145 157
1 1768161337 7 58 104 145 412 18 32 67 157 555
1 1763442747 51 92 111 113 157 64 91 114 412 498
1 1763442769 53 64 86 103 498 14 74 81 203 267
1 1761345618 9 11 18 58 222 7 21 35 39 350
2 1761607762 41 60 145 518 555 16 120 150 157 202
2 1766850655 25 41 64 99 145 5 83 122 201 222
2 1764229219 53 157 202 254 268 21 38 89 131 245
2 1761607780 5 13 35 497 498 63 84 134 154 555
2 1763704938 25 67 86 107 245 18 35 58 90 111
1 1762132077 48 81 84 122 412 22 35 43 54 518
2 1772093550 19 38 53 57 222 5 63 86 202 518
1 1771307133 8 120 201 202 555 32 58 61 145 412
1 1769472127 9 45 59 82 145 35 58 67 115 267
2 1764753541 53 64 115 141 222 35 67 86 131 350
1 1767374988 35 51 53 103 266 84 117 122 141 222
2 1762918553 56 58 63 67 115 51 79 99 240 412
2 1769734300 15 64 92 99 117 8 21 53 58 141
2 1770258603 13 107 150 412 498 112 121 157 222 497
2 1771831470 8 17 40 51 141 4 25 36 222 254
1 1764229301 10 16 51 64 142 43 84 121 157 412
1 1767899141 7 8 245 497 498 10 36 99 105 119
1 1763704838 31 35 50 202 267 25 59 145 412 420
1 1761607688 10 15 111 141 161 17 22 24 53 101
1 1762394131 13 24 51 56 63 25 78 134 141 202
2 1762131988 15 43 80 98 112 25 35 75 145 245
2 1770258455 61 67 78 117 245 25 34 41 64 222
1 1769472032 25 45 67 145 254 86 117 141 236 238
2 1763442719 16 51 92 103 246 7 17 53 427 498
1 1762918434 33 69 89 164 236 4 11 22 26 92
1 1760821290 8 59 67 81 143 18 20 26 103 222
2 1764491307 22 55 81 99 120 89 121 134 157 498
1 1763704876 1 9 10 12 22 16 64 122 131 202
1 1763442747 51 92 111 113 157 64 91 114 412 498
2 1762132036 119 122 236 245 267 40 67 120 134 145
2 1769734216 25 68 157 222 245 22 43 86 120 127
2 1761607762 41 60 145 518 555 16 120 150 157 202
1 1767112789 56 83 134 161 202 10 96 117 157 254
2 1767374933 1 67 99 104 240 8 22 27 120 267
2 1761607780 5 13 35 497 498 63 84 134 154 555
1 1767637092 32 122 142 498 555 85 98 121 222 238
1 1769734246 7 51 84 245 555 25 35 45 81 92
1 1764753597 16 30 80 136 222 8 32 75 350 498
1 1763705023 58 121 134 267 498 18 76 85 238 432
1 1762918597 11 45 85 236 350 4 25 51 92 141
1 1771307217 27 45 106 111 498 8 12 41 76 222
2 1765540050 28 67 80 103 111 43 61 64 150 222
1 1768161493 51 77 112 114 555 58 103 121 157 497
1 1760821493 13 20 34 43 67 38 80 121 161 498
1 1772355829 8 56 150 412 498 83 117 119 121 157
2 1768161528 45 51 59 122 518 8 67 82 111 113
1 1769210109 5 17 90 96 412 13 18 31 40 121
2 1762918670 22 39 89 141 157 27 67 117 120 245
2 1766064402 10 18 84 117 141 24 45 51 99 121
2 1767112997 10 32 91 157 555 1 22 35 236 412
1 1762918697 50 51 62 240 245 11 22 150 268 412
1 1765277993 45 82 99 104 202 103 119 245 412 516
1 1767637312 7 22 25 83 113 34 85 121 145 412
2 1767113027 143 145 238 245 420 35 91 117 127 222
2 1772093771 36 60 133 238 555 13 24 53 59 81
2 1762918748 35 51 98 117 238 22 33 92 111 131
2 1764491612 17 55 81 104 432 7 53 114 145 245
1 1765802332 64 75 89 498 518 79 99 114 222 412
1 1766064495 14 45 51 89 245 2 142 145 157 267
2 1765540211 33 67 89 122 517 55 58 120 145 412
2 1766326645 54 64 67 111 245 17 120 157 236 412
1 1769210245 10 111 112 157 427 16 75 80 131 145
1 1763705223 38 79 133 145 267 4 51 54 72 111
1 1767899527 22 53 114 141 142 51 54 78 111 157
2 1766064528 4 24 86 110 267 16 33 60 90 145
1 1772355990 18 51 61 121 497 35 38 67 238 267
1 1763705240 25 38 81 84 107 16 39 103 236 245
1 1762918820 2 89 92 127 202 17 32 62 80 222
1 1761870248 3 79 105 107 222 86 121 134 497 498
2 1763705259 51 99 107 245 555 22 45 59 90 122
2 1765802425 31 59 63 81 99 11 25 51 55 75
1 1767637436 45 48 89 145 150 105 107 122 201 236
2 1767899582 33 86 89 119 245 13 81 99 121 412
1 1770783173 5 89 98 163 236 4 59 157 497 498
1 1760821703 24 31 119 163 412 61 89 104 114 498
1 1765540295 64 86 111 202 518 24 36 99 497 498
2 1764753871 33 39 51 157 267 18 23 24 42 117
1 1769210320 38 51 114 254 267 1 82 110 121 240
1 1770258903 9 36 55 145 238 16 67 82 101 120
2 1762918896 86 120 145 238 555 34 78 141 202 412
1 1770521083 25 54 104 350 498 134 145 236 412 516
2 1766064635 35 64 84 145 420 1 24 81 121 412
1 1763443205 2 22 27 38 40 13 45 121 236 350
2 1771045388 50 64 110 114 145 11 41 42 43 99
2 1770783245 11 40 86 245 498 16 67 115 121 240
1 1762394647 43 64 90 122 145 2 8 24 53 81
1 1765278234 51 64 75 111 157 40 74 114 120 222
1 1764753947 64 84 222 238 432 34 72 83 236 497
1 1771307571 13 16 51 74 254 17 61 80 236 497
1 1763705396 4 79 236 266 267 92 99 115 120 246
2 1766851126 23 25 33 61 99 4 21 84 89 121
1 1768424007 24 45 114 497 498 22 38 54 201 245
1 1765540428 35 45 77 236 267 31 59 103 145 350
2 1763705424 79 143 157 236 238 1 14 64 67 350
1 1766064732 13 18 32 122 432 8 16 20 83 236
2 1763705440 6 45 64 145 412 50 54 105 157 516
1 1762394721 50 51 64 117 238 8 18 25 121 267
1 1771569763 10 11 39 202 412 67 82 238 254 350
2 1760821866 8 18 30 91 350 51 74 86 111 121
2 1769210475 79 85 201 236 518 22 29 41 89 127
1 1767375473 8 11 51 111 238 80 131 266 497 498
1 1768161905 41 51 74 80 555 17 31 45 127 202
2 1768686193 25 51 86 99 141 89 98 161 222 245
1 1763705478 17 22 24 44 266 29 50 76 150 157
1 1762132615 51 58 105 120 432 16 34 35 45 498
1 1765802631 39 136 141 202 267 35 50 51 84 133
1 1764491917 59 61 114 497 498 20 21 53 55 98
2 1769734800 25 60 222 238 266 10 64 74 145 350
1 1760821906 64 81 86 115 412 8 48 103 497 498
2 1766064802 9 75 103 236 555 51 58 64 127 412
2 1761870502 35 58 117 142 202 3 81 141 161 518
2 1762919078 27 111 119 120 161 26 92 101 141 498
1 1763705527 60 117 133 145 245 14 28 81 101 412
1 1767637688 24 53 86 105 119 4 9 67 114 412
2 1768424122 35 63 90 120 145 51 76 80 99 412
2 1765278407 16 38 41 99 163 11 68 81 117 157
2 1766851272 5 9 67 86 267 10 64 143 246 518
2 1764491977 31 53 60 67 84 13 86 111 236 427
2 1770259149 1 2 19 25 67 21 45 83 254 267
2 1771569872 19 51 54 90 114 21 112 238 254 412
2 1763705554 13 60 86 164 223 67 141 150 268 432
1 1771045614 12 41 103 145 245 53 81 90 122 133
1 1763705585 20 40 83 115 145 36 51 54 103 267
2 1764229873 8 40 114 236 517 25 59 82 267 498
2 1764492029 126 145 201 245 266 92 112 121 497 498
1 1770783489 64 81 114 238 350 67 92 127 245 267
1 1762394883 4 17 24 497 498 11 25 26 31 81
2 1770259212 59 67 81 105 350 2 8 38 111 157
2 1764229903 26 81 92 245 254 8 35 157 412 498
2 1760822036 69 74 75 76 236 17 59 81 350 518
2 1772356389 13 21 64 122 201 24 25 51 99 427
1 1766327082 84 114 117 120 498 82 103 143 145 245
1 1762919212 58 222 238 245 555 8 16 35 62 81
1 1766851385 24 35 85 141 145 11 25 84 157 236
1 1762657082 67 150 238 254 267 64 117 127 222 420
2 1766327101 22 54 85 117 154 28 42 145 157 267
1 1767637830 9 78 84 236 266 58 64 143 157 202
2 1770521416 45 58 111 145 154 69 85 141 157 412
1 1762132810 25 29 41 67 143 1 59 82 145 497
2 1764229986 21 84 89 114 120 22 64 103 516 555
1 1767637861 58 89 104 112 145 19 111 114 498 517
1 1772094313 3 29 84 164 498 22 32 45 99 157
2 1766589310 2 8 81 83 412 64 111 126 157 429
1 1772356478 38 56 141 236 350 8 15 37 85 245
1 1761346433 53 60 81 104 134 35 41 412 498 518
1 1760822152 35 86 119 157 555 45 121 164 222 267
1 1770783627 18 40 42 54 157 51 68 80 254 412
1 1762395020 24 84 111 145 427 23 67 121 157 555
1 1761346457 35 45 222 267 555 8 145 254 266 412
2 1769210781 22 24 33 157 267 41 64 81 412 518
1 1765540774 56 92 99 412 498 3 107 122 131 222
1 1766589365 51 55 62 432 518 86 121 157 201 222
2 1763443641 7 67 202 245 412 14 111 119 236 517
2 1766327229 58 81 117 121 245 13 14 15 63 120
1 1767900129 35 67 92 99 157 42 59 80 236 412
2 1768162278 13 51 121 134 412 43 114 245 498 555
1 1766065133 7 53 86 145 254 16 22 38 64 201
1 1769997313 1 45 122 134 141 51 64 86 112 267
2 1760822274 8 9 121 202 517 35 51 92 101 120
2 1766589454 64 111 133 134 145 16 33 112 266 498
1 1761346582 11 22 84 99 238 4 25 51 64 92
2 1761346584 41 50 80 81 90 5 86 105 145 350
2 1762395168 38 43 222 240 421 13 24 40 51 141
2 1771832359 13 18 67 89 141 41 53 119 142 421
1 1765540910 15 23 25 82 421 39 51 64 105 412
2 1767900223 29 35 69 267 517 51 82 107 127 143
1 1763443781 21 27 35 51 69 43 56 86 202 555
2 1764230218 90 120 145 157 267 4 10 50 81 245
1 1765803084 18 26 76 150 157 64 81 83 103 412
2 1761346667 32 80 497 498 518 8 53 58 121 222
1 1767900272 51 92 111 120 142 10 12 55 59 67
2 1768686704 13 18 59 114 412 60 92 133 161 267
2 1763705983 51 114 157 245 267 8 35 81 86 99
1 1766065280 4 64 92 497 498 8 59 157 222 267
2 1766589571 45 53 56 67 266 6 40 64 222 245
2 1772356750 82 84 145 154 412 40 67 92 238 245
2 1763706000 45 58 60 81 555 28 89 157 164 498
2 1764230296 75 92 122 222 267 8 22 35 64 114
1 1765803176 42 58 79 121 350 64 164 236 245 412
1 1766065321 105 119 245 246 555 36 58 157 236 497
1 1768686770 10 51 104 114 161 1 19 75 96 117
1 1765278919 6 40 59 80 119 22 30 98 99 238
1 1770259658 10 32 51 61 134 2 8 201 236 268
2 1772094666 22 83 121 142 143 64 81 103 201 240
1 1771308250 38 51 114 141 412 20 25 75 145 268
2 1762395359 41 53 81 120 518 7 9 18 86 121
1 1766327522 26 64 80 111 222 35 58 84 85 145
2 1762395376 22 48 104 518 555 24 34 67 75 117
2 1766851831 35 42 51 99 157 5 18 25 105 126
1 1760822530 64 82 91 111 236 55 59 119 157 412
1 1772094728 85 119 121 157 412 11 62 67 84 111
2 1765803279 7 15 43 75 254 24 54 81 103 350
2 1764754706 4 35 57 86 119 5 17 91 201 429
1 1762133276 21 67 142 163 555 51 54 99 127 150
2 1763444002 43 81 92 103 113 10 37 51 99 203
2 1761609008 8 51 64 91 412 21 55 58 111 164
1 1768162625 15 41 45 143 246 4 24 53 64 81
1 1771832646 17 28 51 74 267 13 56 111 154 236
1 1766851913 4 36 202 245 555 23 96 99 107 412
2 1762657634 18 30 50 107 119 43 61 120 157 222
1 1766589799 8 28 68 497 498 23 55 64 89 222
2 1764230509 11 12 39 81 115 15 23 35 69 98
2 1766065526 53 67 107 122 246 45 64 86 111 145
1 1763181943 55 64 68 145 412 82 104 222 238 267
2 1761346941 35 51 101 161 516 2 67 245 246 555
2 1761609106 11 16 23 99 202 5 14 69 81 350
1 1762395541 7 86 111 120 145 4 33 117 164 236
1 1764754841 17 63 64 99 145 11 45 103 157 202
1 1765279139 1 99 104 222 238 41 62 64 81 103
2 1771832741 35 40 67 69 86 24 106 111 202 555
1 1761346982 4 11 92 117 498 25 51 58 121 157
2 1762133422 13 24 67 81 412 59 69 110 157 555
2 1769997749 4 67 117 240 246 81 84 86 107 350
1 1765541305 59 86 105 111 145 43 45 82 104 246
2 1764230595 53 79 83 103 202 18 25 81 89 107
1 1769735621 81 82 92 254 432 43 67 113 122 157
1 1769997771 17 22 37 69 74 111 113 114 119 127
1 1763444177 8 15 39 64 111 25 268 427 498 517
2 1764230612 103 111 114 145 245 35 51 86 246 555
2 1761609178 6 24 55 111 145 41 50 67 69 107
1 1770259955 81 84 99 107 122 10 18 35 201 238
2 1767638520 21 28 41 157 350 22 55 56 75 117
1 1771308536 30 122 145 236 421 7 60 117 222 266
1 1761871360 37 39 62 120 222 18 89 122 163 238
1 1761609219 21 82 99 141 267 22 76 92 238 412
1 1763444229 67 103 122 245 267 24 117 142 145 150
2 1763182092 51 56 114 142 350 4 35 85 497 498
1 1762657810 31 64 67 89 91 8 16 24 81 516
2 1770522131 33 55 82 222 267 13 34 121 145 497
1 1770522143 55 64 86 145 350 10 33 38 412 498
2 1769211426 75 120 127 161 202 19 22 117 122 238
2 1771046435 18 117 121 122 142 28 81 86 134 143
1 1769997867 25 51 72 131 236 10 81 141 142 350
1 1764492847 59 81 86 99 101 38 53 80 110 240
1 1765541425 8 10 51 121 267 25 64 80 119 517
1 1764755012 11 82 110 238 412 7 51 421 516 518
2 1762920005 38 60 99 110 150 8 18 86 254 555
1 1771570768 38 50 64 80 81 10 22 89 121 238
1 1766590046 41 103 121 161 222 18 38 64 89 114
1 1767900767 13 28 68 145 432 2 34 40 41 498
1 1761347170 21 35 91 266 350 22 55 80 141 267
2 1765541486 25 64 81 83 245 26 41 72 145 267
1 1771046511 76 157 236 497 555 10 67 121 350 518
2 1772095087 35 81 92 145 412 120 150 201 236 518
2 1762657912 13 18 111 163 517 2 8 15 122 497
1 1764755068 78 86 145 161 518 9 21 36 84 142
2 1766590080 7 13 24 236 267 67 72 86 90 117
2 1762920070 18 45 80 126 412 51 111 133 161 267
1 1762133639 24 59 90 236 267 35 43 75 81 105
1 1770260105 84 111 134 202 245 12 60 67 122 157
2 1761347222 24 53 238 240 412 40 92 105 110 245
1 1762133655 58 91 111 141 145 8 20 22 25 164
2 1768425110 28 50 75 91 110 89 104 145 420 517
2 1762920100 12 35 86 202 236 17 56 134 222 412
1 1769473707 6 9 67 238 254 8 15 58 78 89
1 1767114414 2 24 43 134 222 22 54 64 142 412
2 1762395829 8 11 51 53 85 4 81 98 254 518
2 1762395837 22 43 53 92 120 5 54 145 412 518
1 1772357316 45 51 89 104 133 10 25 99 202 245
2 1768163017 9 39 41 67 267 10 12 64 145 157
2 1769998025 6 13 111 113 145 28 75 202 245 267
2 1767900883 28 114 142 145 555 13 38 121 222 267
1 1769473763 79 86 117 157 222 64 89 98 119 131
1 1761347308 18 54 72 86 555 29 41 111 131 236
2 1761609453 22 85 143 238 245 51 64 105 117 266
2 1764230916 17 22 55 89 141 38 80 102 236 412
2 1764755206 11 16 18 82 103 8 22 86 121 412
1 1766328070 35 42 51 98 412 8 22 39 120 555
1 1762920212 39 44 120 222 555 2 17 29 41 238
2 1772095254 9 75 81 99 254 37 77 86 157 236
2 1767376666 35 40 80 112 236 21 39 60 245 412
2 1761609519 24 103 114 202 555 18 34 53 107 420
2 1764755245 28 40 80 90 236 2 81 115 238 516
1 1763444534 38 53 83 222 245 56 84 201 236 420
1 1771046719 18 64 114 161 222 22 31 34 63 141
1 1766852418 21 89 104 112 161 2 7 25 84 202
2 1771571010 84 113 150 498 518 53 103 145 157 236
2 1761347410 31 32 99 143 145 7 22 114 141 412
1 1762658130 28 75 81 412 555 23 60 245 350 498
1 1763182427 17 51 113 497 518 13 50 64 81 134
1 1761347439 24 41 55 81 432 10 53 86 115 498
2 1769211759 18 35 58 142 267 7 64 81 92 412
1 1761609587 64 81 85 238 412 10 45 61 154 222
2 1771046781 39 64 67 68 350 4 51 77 126 143
2 1771833219 53 74 84 107 142 13 51 103 117 421
2 1765279619 39 64 80 91 157 5 58 69 99 498
1 1769211793 5 18 74 350 517 51 58 90 117 121
1 1765541784 78 89 119 163 164 22 82 245 517 555
1 1762920346 35 74 143 150 246 45 75 80 99 236
1 1770784701 10 12 236 238 245 22 32 40 85 92
1 1766066119 16 24 33 105 222 9 45 51 53 54
2 1770784712 10 51 105 120 555 33 63 119 157 240
2 1766066132 33 53 82 157 498 9 106 145 412 517
1 1761347541 64 67 103 114 267 22 28 53 75 99
2 1764493270 74 107 122 143 222 22 35 45 98 114
1 1771833310 25 29 44 64 266 9 57 59 101 145
1 1766852576 36 53 55 222 427 24 45 67 98 107
1 1772095457 24 67 150 350 517 82 104 105 236 555
2 1767114734 63 92 120 157 245 1 40 75 113 222
1 1765804017 76 81 91 99 114 14 58 120 157 236
2 1767901169 24 51 60 238 412 22 64 122 127 555
1 1761871878 30 86 121 145 555 5 16 22 58 245
1 1771309075 26 38 51 64 114 13 15 36 117 238
1 1761609749 77 84 222 267 420 18 40 56 58 79
2 1761609778 17 60 67 117 157 4 51 92 141 412
2 1766066236 28 84 114 498 555 13 21 54 157 254
1 1761609789 17 36 54 81 555 7 20 51 61 517
1 1771571275 77 86 412 498 517 43 45 81 83 245
1 1765541966 13 22 44 104 157 35 51 266 427 516
2 1769736272 13 64 85 497 498 51 54 79 157 412
1 1770784871 12 63 64 67 98 7 27 60 201 236
1 1763444840 19 39 40 145 161 41 84 254 412 498
2 1769998441 13 60 89 202 420 4 24 32 119 267
1 1765804164 67 86 103 254 267 74 101 105 121 133
2 1762920581 64 83 145 518 555 2 58 78 236 432
2 1764231310 21 64 84 101 350 18 69 92 154 555
2 1765542046 21 30 84 127 497 35 58 67 99 412
1 1761347748 5 22 61 99 245 15 45 67 412 517
1 1763707045 3 55 122 141 202 10 31 236 245 555
1 1772095657 22 35 48 90 266 7 15 25 58 163
1 1763707055 81 114 117 121 429 7 39 113 497 498
2 1770522807 17 33 63 161 202 5 13 22 25 516
2 1763707068 13 41 59 497 498 29 51 131 157 432
2 1760823486 67 112 145 164 555 13 22 25 35 518
1 1770522812 79 90 92 143 202 11 13 50 157 236
1 1768425688 13 56 117 222 240 27 43 103 119 246
2 1760823515 69 121 150 222 555 7 81 107 240 412
1 1765279967 80 81 114 236 267 7 20 86 201 202
2 1765804269 18 53 64 114 246 60 86 161 497 498
1 1767377141 24 40 86 99 101 98 245 497 498 517
2 1771833595 9 19 80 238 267 51 121 127 157 497
1 1764231442 18 35 39 53 134 12 51 55 64 74
1 1768425750 26 81 82 134 517 10 51 80 113 412
1 1771047195 1 43 51 141 266 30 35 41 56 142
2 1771571493 59 75 142 222 246 9 21 54 61 117
2 1765804329 7 21 37 86 245 58 111 145 154 157
2 1768950058 17 54 91 222 412 11 13 117 126 498
2 1762134331 17 38 80 202 432 35 54 81 122 412
1 1766590779 5 106 111 157 498 58 121 127 145 267
2 1772095803 40 79 81 163 420 10 15 24 45 555
1 1766328653 64 110 114 143 157 8 25 58 67 104
2 1763445072 24 92 222 238 412 2 3 16 67 145
1 1771571536 21 32 50 54 143 10 16 35 119 268
1 1761872231 6 28 90 104 555 26 55 60 81 114
2 1771833705 9 50 103 120 145 157 161 164 236 254
2 1769474411 10 13 119 121 201 78 103 111 145 203
2 1769998720 10 19 81 99 134 40 61 67 84 121
2 1770260873 26 114 134 236 245 10 60 92 111 498
1 1761347980 64 114 119 267 518 22 24 43 45 113
1 1764493733 35 57 63 99 145 7 41 51 59 111
2 1766328745 14 35 81 99 157 55 64 75 497 498
2 1761348011 5 55 67 82 267 26 45 64 81 114
1 1766066616 22 40 114 120 518 41 63 67 113 142
2 1766590903 39 107 117 202 266 90 114 222 245 497
1 1768425910 8 25 28 110 157 21 45 58 90 421
1 1764231621 22 32 58 103 117 45 75 120 131 145
1 1764755914 7 25 107 498 555 34 64 161 222 246
2 1765804490 43 55 67 86 254 38 80 134 421 555
1 1761348082 24 45 99 121 498 35 37 64 67 134
1 1765542388 69 86 104 202 267 13 40 51 64 99
1 1770523125 25 41 120 412 498 16 42 58 67 245
1 1766853128 8 69 121 145 555 59 81 99 142 150
2 1768425993 32 81 86 245 555 31 35 42 67 432
2 1768425994 7 31 51 59 497 2 20 110 136 555
2 1764493861 17 28 161 201 498 18 75 111 115 154
2 1769736745 8 40 45 51 59 9 18 58 61 555
1 1761872429 40 61 64 236 518 22 101 161 427 516
2 1763445308 8 39 81 120 412 24 106 145 238 350
2 1762921022 79 92 145 157 412 35 84 86 222 267
1 1767115327 8 9 15 92 121 58 90 107 236 412
1 1765542477 40 114 120 222 517 2 24 26 142 498
1 1769474638 81 99 114 120 136 17 64 143 238 498
2 1767901777 28 41 45 51 99 7 9 21 82 120
2 1761872472 8 25 39 67 421 15 24 35 38 40
1 1762396762 13 38 53 77 236 4 39 56 267 498
1 1764231770 7 8 24 37 51 75 84 99 222 245
2 1767377504 96 131 141 240 555 25 58 60 81 91
2 1770523235 25 41 134 412 498 16 59 67 74 238
2 1767639652 22 39 143 238 245 8 50 56 412 420
1 1765542507 2 19 22 238 555 64 84 202 240 412
1 1761348204 35 74 78 105 267 11 25 51 98 245
1 1766066797 18 121 133 202 432 41 222 412 421 517
2 1765542516 29 83 202 223 238 22 84 92 102 143
2 1767377524 99 101 114 141 145 20 67 134 157 412
2 1760823931 81 86 90 120 412 53 67 98 106 131
1 1767639694 14 32 86 145 432 8 17 28 69 245
1 1763183259 24 27 29 61 432 25 76 164 236 412
2 1761348252 64 92 99 101 145 28 86 245 497 498
2 1771571871 18 120 134 157 412 6 59 81 90 350
2 1765280417 13 67 103 117 120 45 56 81 82 89
2 1769999013 8 18 40 80 86 7 24 56 143 236
1 1762658994 23 42 67 121 412 51 111 164 245 518
2 1761872563 22 36 40 64 99 111 134 164 222 254
2 1769212602 25 31 120 131 145 50 67 141 245 412
1 1762396873 36 51 63 90 104 21 25 27 62 103
2 1763183305 26 86 141 145 157 19 27 67 68 432
1 1763707594 11 63 90 164 498 25 34 35 81 122
1 1766329051 10 54 145 245 517 41 74 103 107 412
2 1761872605 22 103 111 121 240 26 28 37 58 222
2 1764494048 51 63 64 86 99 16 18 35 150 202
1 1769999080 15 86 238 350 421 30 45 51 92 266
1 1766066931 86 119 142 267 421 38 56 75 412 429
1 1769999093 51 61 107 254 432 10 29 33 55 99
2 1766591228 32 40 91 92 222 18 24 74 78 117
2 1770523385 51 101 114 163 412 2 16 39 99 222
1 1768688393 56 99 119 245 497 39 54 267 498 517
2 1765280552 56 64 99 119 122 24 34 141 222 267
1 1767639849 25 75 112 120 202 45 51 60 114 117
1 1770523433 24 45 222 254 412 25 55 114 121 236
1 1763707694 54 90 121 350 498 9 30 81 164 267
2 1766066991 41 107 131 222 555 5 24 38 89 236
2 1768164145 64 84 89 92 202 25 51 58 106 517
1 1761872690 38 201 222 238 245 5 8 45 111 119
1 1768426295 32 41 63 81 157 25 38 51 84 246
1 1771572024 45 51 240 267 427 22 84 143 164 254
2 1760824131 18 41 104 141 267 2 51 120 161 555
1 1768426307 8 74 141 143 498 4 54 145 420 497
2 1772096326 11 36 89 99 498 10 19 51 53 68
2 1763707751 54 111 114 145 238 23 32 81 105 412
1 1762921324 122 254 268 497 498 16 51 83 120 518
1 1766853489 12 60 101 145 164 13 53 64 81 105
2 1767639925 24 80 99 145 157 16 64 86 236 238
2 1762659190 17 40 67 121 238 7 22 35 53 107
1 1764232054 17 18 32 39 412 11 58 81 89 157
2 1765280643 22 38 141 266 555 1 9 26 58 236
2 1770785670 13 59 89 119 238 39 111 127 154 498
2 1768164236 59 86 99 145 432 40 41 64 202 517
2 1765280662 92 157 236 254 412 16 80 114 145 245
1 1771309974 45 86 120 145 555 50 141 236 267 517
1 1768950684 17 25 64 105 202 67 83 238 254 412
1 1763183536 2 10 111 131 222 15 17 33 84 350
2 1764756401 30 98 111 145 157 13 35 67 114 254
2 1771572150 13 111 141 157 222 33 34 85 161 236
2 1762134975 13 24 40 121 236 45 60 142 498 555
1 1763707842 55 63 92 145 245 22 154 157 236 412
1 1764494274 10 18 26 41 113 56 63 80 497 498
2 1768950739 18 39 82 120 267 6 26 81 113 142
1 1768950746 26 54 104 157 267 24 44 50 122 246
1 1766329325 86 104 145 238 555 18 39 89 163 164
1 1769212922 22 27 45 517 555 7 81 157 245 267
1 1760824318 80 96 157 412 518 33 163 238 497 498
1 1761872895 21 61 64 238 555 18 117 127 266 421
2 1766329353 2 67 69 89 104 8 27 48 236 555
1 1763707920 50 51 79 86 157 25 39 54 76 81
1 1761872913 26 35 54 236 238 106 114 115 145 555
1 1762135069 55 59 122 145 350 31 60 119 131 412
1 1764232225 26 64 145 157 245 3 21 59 68 497
2 1767377955 24 39 51 86 412 43 55 67 92 141
2 1761348660 25 45 64 81 112 90 121 134 157 412
1 1767377985 54 62 86 236 555 6 43 90 121 202
1 1767902273 4 33 98 202 432 35 51 58 127 350
2 1762659422 41 63 81 203 497 18 25 59 112 518
1 1767378020 37 59 61 74 222 22 54 111 157 254
1 1768688741 35 67 83 141 267 54 86 142 497 498
2 1764756615 106 107 119 238 412 22 25 64 86 555
2 1764232330 89 133 141 222 268 56 58 238 497 498
1 1761348748 19 74 122 145 350 56 84 96 117 161
1 1769999518 64 86 89 112 202 16 56 80 81 142
2 1771834527 11 24 99 145 267 55 64 85 236 412
2 1763708066 4 58 121 412 498 10 29 51 518 555
1 1763708070 61 67 114 163 267 4 24 39 53 145
2 1763708071 9 51 55 114 350 33 122 143 202 555
1 1769999528 24 82 90 99 202 77 86 98 143 222
1 1764753597 16 30 80 136 222 8 32 75 350 498
1 1763705023 58 121 134 267 498 18 76 85 238 432
1 1762918597 11 45 85 236 350 4 25 51 92 141
1 1771307217 27 45 106 111 498 8 12 41 76 222
2 1765540050 28 67 80 103 111 43 61 64 150 222
1 1768161493 51 77 112 114 555 58 103 121 157 497
1 1760821493 13 20 34 43 67 38 80 121 161 498
1 1772355829 8 56 150 412 498 83 117 119 121 157
2 1768161528 45 51 59 122 518 8 67 82 111 113
1 1769210109 5 17 90 96 412 13 18 31 40 121
2 1762918670 22 39 89 141 157 27 67 117 120 245
2 1766064402 10 18 84 117 141 24 45 51 99 121
2 1767112997 10 32 91 157 555 1 22 35 236 412
1 1762918697 50 51 62 240 245 11 22 150 268 412
1 1765277993 45 82 99 104 202 103 119 245 412 516
1 1767637312 7 22 25 83 113 34 85 121 145 412
2 1767113027 143 145 238 245 420 35 91 117 127 222
2 1772093771 36 60 133 238 555 13 24 53 59 81
2 1762918748 35 51 98 117 238 22 33 92 111 131
2 1764491612 17 55 81 104 432 7 53 114 145 245
1 1765802332 64 75 89 498 518 79 99 114 222 412
1 1766064495 14 45 51 89 245 2 142 145 157 267
2 1765540211 33 67 89 122 517 55 58 120 145 412
2 1766326645 54 64 67 111 245 17 120 157 236 412
1 1769210245 10 111 112 157 427 16 75 80 131 145
1 1763705223 38 79 133 145 267 4 51 54 72 111
1 1767899527 22 53 114 141 142 51 54 78 111 157
2 1766064528 4 24 86 110 267 16 33 60 90 145
1 1772355990 18 51 61 121 497 35 38 67 238 267
1 1763705240 25 38 81 84 107 16 39 103 236 245
1 1762918820 2 89 92 127 202 17 32 62 80 222
1 1761870248 3 79 105 107 222 86 121 134 497 498
2 1763705259 51 99 107 245 555 22 45 59 90 122
2 1765802425 31 59 63 81 99 11 25 51 55 75
1 1767637436 45 48 89 145 150 105 107 122 201 236
2 1767899582 33 86 89 119 245 13 81 99 121 412
1 1770783173 5 89 98 163 236 4 59 157 497 498
1 1760821703 24 31 119 163 412 61 89 104 114 498
1 1765540295 64 86 111 202 518 24 36 99 497 498
2 1764753871 33 39 51 157 267 18 23 24 42 117
1 1769210320 38 51 114 254 267 1 82 110 121 240
1 1770258903 9 36 55 145 238 16 67 82 101 120
2 1762918896 86 120 145 238 555 34 78 141 202 412
1 1770521083 25 54 104 350 498 134 145 236 412 516
2 1766064635 35 64 84 145 420 1 24 81 121 412
1 1763443205 2 22 27 38 40 13 45 121 236 350
2 1771045388 50 64 110 114 145 11 41 42 43 99
2 1770783245 11 40 86 245 498 16 67 115 121 240
1 1762394647 43 64 90 122 145 2 8 24 53 81
1 1765278234 51 64 75 111 157 40 74 114 120 222
1 1764753947 64 84 222 238 432 34 72 83 236 497
1 1771307571 13 16 51 74 254 17 61 80 236 497
1 1763705396 4 79 236 266 267 92 99 115 120 246
2 1766851126 23 25 33 61 99 4 21 84 89 121
1 1768424007 24 45 114 497 498 22 38 54 201 245
1 1765540428 35 45 77 236 267 31 59 103 145 350
2 1763705424 79 143 157 236 238 1 14 64 67 350
1 1766064732 13 18 32 122 432 8 16 20 83 236
2 1763705440 6 45 64 145 412 50 54 105 157 516
1 1762394721 50 51 64 117 238 8 18 25 121 267
1 1771569763 10 11 39 202 412 67 82 238 254 350
2 1760821866 8 18 30 91 350 51 74 86 111 121
2 1769210475 79 85 201 236 518 22 29 41 89 127
1 1767375473 8 11 51 111 238 80 131 266 497 498
1 1768161905 41 51 74 80 555 17 31 45 127 202
2 1768686193 25 51 86 99 141 89 98 161 222 245